26.1139527000887
26.0145485180133
25.9936157344104
25.5621950303917
25.4040257538841
25.2439233397895
25.1990332387223
25.1296923584438
25.1188378178037
25.0960246577994
24.8931970394582
24.8404345844083
24.6869130819937
24.6514180643044
24.6260260750954
24.5943418400412
24.583146745751
24.4877396579818
24.4727699128768
24.4499708006003
24.376129436856
24.3628762622535
24.3312605623199
24.2615258689969
24.2612351882205
24.2418638996953
24.2142734529181
24.1703284744805
24.1267273202616
24.10139927901
24.0694084728594
24.059924697471
24.0486290702902
24.0453333552769
24.0327790136713
24.0293463534511
24.0247127888019
24.0206902569346
24.002107242982
23.9958340760114
23.9815660849868
23.9621403483213
23.9337868574319
23.9245070826028
23.9125808959711
23.8675905145502
23.8640287575388
23.8620589533411
23.8418129100178
23.831889155414
23.8077686808683
23.7994159939406
23.7895963593459
23.764210453322
23.7626990608475
23.7259240705711
23.7163344160141
23.7036356092391
23.6971103107424
23.6951151700371
23.6929620959496
23.6869913143653
23.6163561185285
23.613026296927
23.6044847237116
23.6033627669015
23.6018461256895
23.5876869940946
23.587521747712
23.5864376749159
23.5581836099909
23.539715810483
23.5396321815321
23.5184718490516
23.5113587457222
23.5084005283547
23.4923484198569
23.4922229729521
23.4777350758582
23.47488625275
23.4720740305208
23.4508702031081
23.4364558731034
23.4291804259182
23.4270600608791
23.421299371662
23.3979245631582
23.353210342045
23.3490931777908
23.3427323711133
23.3424119619426
23.3327397168735
23.3305522744524
23.3256591821901
23.3240201693212
23.3047469427622
23.288753511028
23.281268041805
23.2775585364722
23.2712410999615
23.2583582638844
23.2523488490672
23.249394401276
23.2493144300656
23.243459189756
23.2393237904986
23.2371808948184
23.2323850654278
23.2288734032584
23.2260124048627
23.2200187090181
23.2127453485795
23.2053351319143
23.2041644653369
23.1986270738909
23.1952220743002
23.1883098576382
23.182598235615
23.1783915714943
23.170643674842
23.1600321114065
23.1499252450424
23.1376067718346
23.130075800998
23.125279707574
23.1243378766551
23.1205245435431
23.1198146582311
23.11669661324
23.1029045593828
23.0961229829258
23.092714870194
23.0863814296805
23.0829678540308
23.0826941052091
23.07793063003
23.0768480854832
23.0543605411969
23.0538551263501
23.0496651080397
23.0260509099431
23.0205517138639
23.0050764265256
23.0012391290847
22.9901654086264
22.9716059150881
22.9638691375846
22.9609581060451
22.9594974293904
22.9572508384482
22.949725539551
22.9435310397872
22.9340969792509
22.9198190778757
22.9164405580074
22.9083053660854
22.8909471674757
22.8887859873895
22.8661189368546
22.8558569553053
22.8477609274787
22.8440816606077
22.8421684475072
22.8372412844905
22.8331380094527
22.8287600415385
22.8212640094028
22.820490197875
22.8163637050737
22.8114313389826
22.793202853387
22.7796946043172
22.7658356444604
22.750360898254
22.7416227525866
22.7391683578218
22.7329949626149
22.732870981829
22.7247077283223
22.7241226700553
22.7239346974609
22.722581334147
22.7144085368458
22.692456870866
22.6904671407454
22.6816690502492
22.6736747087
22.6698754556015
22.6680324752997
22.6676033214414
22.664271550323
22.6561992946214
22.6414880454637
22.6413699567557
22.6355024871378
22.6347294582674
22.6277137568131
22.6217784017426
22.6186342887935
22.6140707738243
22.6059609315528
22.5919863473106
22.5896688491702
22.5847644990943
22.5796730400981
22.5736435243518
22.5661935927489
22.5528026705085
22.5527379918
22.5423161664104
22.5384810566051
22.5348297308547
22.5262355690524
22.5228281182375
22.5188013346637
22.5072568765759
22.4971834153775
22.4957726576123
22.4838785771776
22.4792941507597
22.478084312485
22.4773301887081
22.4670071689156
22.4593004525312
22.4581021587748
22.4524404309828
22.4506817882448
22.4441018222541
22.441862861228
22.4399879535625
22.4339591304917
22.4314029073783
22.4269224246195
22.4179635933313
22.4158859544399
22.4109602473463
22.4000731971613
22.3942873465272
22.3871919346646
22.3849728075557
22.3769305649135
22.3763190230616
22.3699257356401
22.368392077154
22.3648841607436
22.3646790470195
22.3546210020248
22.3495292041954
22.3455605454379
22.343841493791
22.3432671595889
22.3430500414347
22.3382881276744
22.3371134125092
22.3318690010751
22.3096189335919
22.3048384942781
22.2974698622642
22.294034228293
22.2936736900516
22.2913182627951
22.2879774764079
22.2869893900698
22.2817613407938
22.2787910272857
22.2783506205759
22.2741861063246
22.2737761243502
22.2724591428491
22.2669912060151
22.2648002129241
22.2585078656704
22.2541573882885
22.2511309383623
22.2495784119489
22.2444741033297
22.2427952342816
22.2421659436618
22.2361928489997
22.2282317277838
22.2246730051668
22.2200491408327
22.2166507164062
22.2148873131663
22.2133382873477
22.210988668356
22.2084487406145
22.2067452101828
22.2033066558944
22.2026039478209
22.199172356756
22.1988463607679
22.1976818751113
22.196311124475
22.1951283048757
22.1878395827685
22.1873535316399
22.1867290879708
22.1830773528647
22.1805017696034
22.1786887936757
22.1782703962716
22.1737783553929
22.1708269666036
22.1616947634861
22.1602124370217
22.1519010385558
22.1468793447722
22.1424619501089
22.1325928971769
22.1309057520857
22.1275339481032
22.1179746966673
22.0955989416949
22.0914471426394
22.0907109111967
22.0771919530336
22.0751737012375
22.0749687532967
22.0741920542285
22.0709965889729
22.0651194240715
22.0640396827645
22.0610787362434
22.0581645300177
22.0532268555261
22.0505832493407
22.0415489874498
22.0380641963612
22.0335027885321
22.0310579699113
22.0291090736687
22.023409268967
22.0181847669751
22.0165909261978
22.0102173730673
22.0088029599393
22.003344038672
21.9934470798214
21.9928215855601
21.9886778958912
21.9847580232888
21.9817268265564
21.9774523631311
21.9773422282386
21.9700682192477
21.9679966337445
21.9656234282136
21.955882073234
21.9430418108008
21.9415737015696
21.9355823356414
21.9346709530896
21.933240593468
21.9326738437623
21.9279208085433
21.9208669853167
21.914464903354
21.9118623293726
21.9092783158954
21.9027226655808
21.9015515343364
21.900003303695
21.89956853033
21.8965826102955
21.8955002654851
21.8951654516065
21.8941029686502
21.8886017576574
21.8884938628442
21.8766001850631
21.8759214518625
21.8749448465512
21.8726086283312
21.8697154550287
21.8692730311489
21.8683624587946
21.8667338935207
21.8582421983504
21.8565989860096
21.8529538996497
21.8514346624813
21.8388991099488
21.8351881528965
21.8329492802552
21.8285057807734
21.8247184214859
21.8217131120005
21.8186245049934
21.8129426562818
21.8021015179798
21.7957394680048
21.7886732277709
21.7861777155836
21.7848617278387
21.7842143331643
21.7710626118085
21.7692853908286
21.768099992184
21.7656604456163
21.7640848043812
21.7640222921635
21.7616920742787
21.7610911364506
21.749352951457
21.7478098962608
21.7466620012253
21.7438805474595
21.7422564681758
21.7392672340892
21.7381341321816
21.7370461900978
21.7241182811636
21.7224996816342
21.718848225295
21.7172343900455
21.7158136585373
21.7142249838968
21.7141444258111
21.7139959146354
21.7064672741032
21.7030975926231
21.7006682249577
21.6874610075176
21.6824815664788
21.6712482405092
21.6633851985291
21.6631254282856
21.6576145378303
21.6446225152181
21.6412858727123
21.6393869544369
21.6393105385576
21.6376387309446
21.6370983498746
21.6363514378716
21.6348559381467
21.634659397226
21.6326495703301
21.6318078246959
21.6285858095073
21.6285388965612
21.6270385442616
21.6261065210962
21.6259427194709
21.6230311735284
21.6225044035335
21.6182058558579
21.617624203241
21.6175980352276
21.6069507290717
21.6037639888982
21.6012451701156
21.6010360904457
21.600452680843
21.5973932584716
21.5896833183248
21.5874208144
21.5827322168228
21.5810372293413
21.569893901642
21.5634095962407
21.5613926284912
21.5596536847046
21.5571900966297
21.5571349337417
21.543536737273
21.5324166932627
21.5318038608175
21.5278202150805
21.5263878707149
21.5262610989619
21.5256261024797
21.5216735281639
21.5216325732298
21.5196300375179
21.5162131025835
21.5150716758031
21.5147273167855
21.5132061880452
21.507996260903
21.5064653078953
21.5053131513379
21.5009439457249
21.4961941525112
21.4919842043534
21.491192514137
21.4850529600546
21.4819198197085
21.4799125615942
21.4773176001301
21.4765669403261
21.4757662432059
21.4756013141839
21.473228983829
21.4715548716781
21.470647856307
21.4694565044131
21.4685309717685
21.4662940150721
21.4623419493948
21.4613161129938
21.4609455594232
21.456224421552
21.4532226532703
21.4511221263533
21.4475889580765
21.44111197154
21.4409583021713
21.4391559257799
21.4356144837493
21.4353829452633
21.4313016300001
21.4310410049073
21.4295760040326
21.4288676357552
21.425928600405
21.4252597693431
21.4207595576
21.4186190823549
21.4185327692443
21.4184384649022
21.4173725570011
21.4167099734106
21.4135353810793
21.4134822269323
21.4124536897024
21.4072355329306
21.4055037269983
21.4043363876809
21.3972459981686
21.3967244637036
21.395546824825
21.3941377557677
21.3908054239485
21.3894179061991
21.3866520198247
21.3833214825062
21.3824424979352
21.3822293570762
21.3791793688322
21.3776118963121
21.3752498189493
21.3729312388944
21.3698480008589
21.3690011280798
21.3688747693629
21.3686251508689
21.3679625206435
21.3672138447043
21.3598463697148
21.3540172656647
21.3516995477328
21.3467751166041
21.3448455846787
21.3431614477662
21.3420633238327
21.3416199645845
21.3365036342781
21.3351969967702
21.3340113630377
21.3303392008696
21.3302013206873
21.324023568213
21.3239105922674
21.3194063995642
21.3161981292602
21.3156895120578
21.3154677403219
21.3143254731629
21.3094990736813
21.307694648341
21.2983932663351
21.2981901351316
21.2948124543555
21.290625846554
21.290339460251
21.2895740377887
21.289119840974
21.2884660031757
21.2870324269429
21.2827181829545
21.2800914502481
21.2758731226046
21.2718790320237
21.2713340648513
21.2675927723027
21.2673095789006
21.2660330529218
21.2650289238147
21.2627372249023
21.2599814049955
21.2592795602849
21.2565306093297
21.2554605075914
21.2545409375798
21.2520500358479
21.2505484977575
21.2475854065293
21.2469837962563
21.2467924604504
21.2433373851138
21.2425940113641
21.2395648543274
21.2388401677346
21.2356666194982
21.2332675213676
21.2318890371572
21.2280675533598
21.2280675533598
21.2261401325214
21.2249080217225
21.2229787425488
21.2199436507567
21.2184899881943
21.2168749026548
21.2164908751418
21.2135027605419
21.2106561873397
21.2061856914587
21.205070187976
21.203687509433
21.1963297786554
21.1957663463907
21.1931275811269
21.1895124173144
21.1868061237224
21.186139105483
21.1857286052336
21.1850482645331
21.1842129545136
21.183563767914
21.18204103767
21.1793606860059
21.1785593002759
21.174917086778
21.1736233641453
21.1735137252968
21.1723215833411
21.1696630135165
21.1630228649711
21.1629255871084
21.1583492924488
21.1580528260286
21.1560218052905
21.1516574461422
21.1516339898436
21.1489844510818
21.1467339147223
21.1361533308702
21.1334696994018
21.128404891905
21.1264924414739
21.1261275591845
21.1259818363824
21.1179793532776
21.1160022781979
21.1140233161823
21.1137526618739
21.1026805611097
21.0999383891713
21.0982717375699
21.0980964644785
21.097900534662
21.088617033118
21.088435895008
21.0871121053597
21.0739227085596
21.0716031189821
21.0705367008099
21.0595416257016
21.0559853265269
21.0557042342809
21.0556038250414
21.0445084029202
21.0392262805872
21.0380853358722
21.0334674308281
21.0302768951322
21.0277312774325
21.0263962174499
21.0197044586707
21.0194486752881
21.0178738694689
21.0176854113722
21.0154271127721
21.0133949130412
21.0114170493348
21.0106633689204
20.9990018383798
20.9976886425496
20.9968355467945
20.9955834787209
20.9928424910278
20.9923001150257
20.9911693468125
20.9905977422294
20.9852838876427
20.9840973889485
20.9804033889961
20.9802309367361
20.9786976659761
20.9777530045406
20.9776460054841
20.9771659195402
20.9744594801553
20.9718431895174
20.9712939824214
20.9664472819971
20.9655427720555
20.9645706692847
20.9625771822528
20.9624677596693
20.9611293165773
20.9601473883148
20.9579331341123
20.9564769399659
20.9553524793448
20.9531069097083
20.9523652170491
20.9514144420561
20.9474520445056
20.9423893185977
20.9399332633589
20.9386191227856
20.9370731408196
20.9342598809907
20.9335664699071
20.9310276942221
20.9274459127781
20.9252756354098
20.9198805909144
20.9181415923117
20.9136630311597
20.9130072980402
20.91240741775
20.9076070195891
20.9072260504089
20.9050747623674
20.8987893392394
20.8938378035238
20.8914884693609
20.8903713818239
20.889749297296
20.8896273741616
20.8872460482517
20.8823051194885
20.8818947601709
20.8798122162213
20.8780123392362
20.8737612730739
20.8726052468687
20.8663466137191
20.860355516353
20.8535833204936
20.8529967669529
20.8503767875732
20.8498465041498
20.8466739112563
20.846496230991
20.8436446118659
20.8365052325529
20.8352981466072
20.8320027461669
20.8302611156507
20.828436334552
20.8282634867764
20.8274015027819
20.8262167518467
20.8246520655774
20.8218434003074
20.8217527836611
20.8166951581355
20.8137443630886
20.8127481586362
20.8086937108565
20.8058517694189
20.8034328445867
20.7998860792765
20.7988425870603
20.7967411804614
20.7962374494022
20.795513937754
20.7925978509181
20.7922320414111
20.783528040156
20.7813460480229
20.7811356088223
20.7777701205858
20.7765278920521
20.7737868832271
20.7718102566374
20.7687906757389
20.7659018651123
20.7639940670709
20.763353481898
20.7631017454436
20.7622278627969
20.7576672636637
20.7532274706618
20.7505686984077
20.7493409081345
20.744538951174
20.7434174229573
20.7420856284765
20.7412982709235
20.7389482229885
20.7362807740239
20.7351123886379
20.7316843020228
20.7312786484563
20.7279727420678
20.7257647121555
20.7242993027366
20.7169449018611
20.7156146410557
20.7096799655169
20.7043806286927
20.7018726253414
20.7005446548094
20.6995262700637
20.684964620926
20.6846403865891
20.684276537015
20.6815476075943
20.6807757853255
20.673506102896
20.6704977714078
20.6692393370692
20.6635402483785
20.6623112857093
20.6622995942842
20.6621093237008
20.6571260344419
20.6544686605956
20.6524817192783
20.6514561447997
20.6453583480699
20.6442291230914
20.6435070056428
20.6429989374771
20.6422368931018
20.6397733522957
20.6385485537829
20.6368797189871
20.6365787709986
20.6354461333488
20.6331124380627
20.6257246703407
20.6256530080794
20.6248246606843
20.6203301567751
20.6200918180503
20.6141605405637
20.6130502210068
20.6109925944636
20.6101396911269
20.6090809451993
20.6088399098898
20.6059496922795
20.6042232583988
20.6034028897729
20.603211223209
20.600888011392
20.5980426921923
20.5978182535431
20.5975688181727
20.5965681839005
20.596124271538
20.5954381472386
20.5927071642655
20.5904381966301
20.5855198611444
20.5831252228842
20.5826062418015
20.582393278065
20.5823472258879
20.581711489172
20.5817022726246
20.5811399025426
20.5793954665267
20.5710931995028
20.5696938229931
20.5691444900223
20.5663535139573
20.5631944978892
20.5630653941506
20.5629245346964
20.5600184068624
20.5582225474607
20.5577423984283
20.5568629038744
20.5541179253932
20.5525961328929
20.5518296192937
20.5498750815611
20.5488481620209
20.548526661109
20.5480215769017
20.5469963295008
20.5458327122747
20.5393646331668
20.5390725295197
20.5358513330865
20.5353687658193
20.534476609791
20.5326306172274
20.5325459123813
20.5287413260475
20.5268092496445
20.5197668121958
20.5188041871105
20.5134086299579
20.5133457193816
20.5081425372584
20.5079069066913
20.5065751709129
20.5044217795475
20.5018408081262
20.4998359946549
20.4982367591439
20.4907346089595
20.4896930901417
20.4845009047292
20.4839484413318
20.48279426896
20.4823668364363
20.4815305249411
20.4804666225363
20.4789139708201
20.47821532077
20.4768651734679
20.4755132008033
20.4741080813742
20.4738963731381
20.4722370821427
20.4707835841667
20.4692183916602
20.4688676587926
20.4660987437574
20.4626540360173
20.4594786606198
20.4592625299823
20.4503423192702
20.4467452428007
20.4451445805529
20.4446148611002
20.4444523223235
20.4443254444314
20.4410037166487
20.4396488242655
20.435983684516
20.4330512269937
20.4328480257716
20.425690991985
20.4238296210827
20.4225458051521
20.4220107329114
20.4210993702937
20.415746976615
20.4156123229501
20.412390194445
20.4047726050477
20.4023454411103
20.4022958176285
20.3993871674228
20.3982279779509
20.3982196734181
20.3966849195362
20.3944645035729
20.387474168686
20.3839605911416
20.3830883443346
20.3827594741693
20.382464242164
20.3818861786045
20.3810078953664
20.3758181902578
20.3751371268381
20.3750620540493
20.3738345939436
20.3728186033577
20.3723968628411
20.3716423983579
20.3692858298297
20.3667337399474
20.3547395134488
20.3526368436737
20.3521601256868
20.3520862068048
20.3518238231273
20.3498108929677
20.3492034610635
20.3481737626101
20.3464260858466
20.3438587502969
20.3434363113269
20.3414913762145
20.3410239697477
20.3391771171227
20.337932713655
20.337263592539
20.3332630683448
20.3305357925825
20.3292761337983
20.32829695027
20.3280490350943
20.3276406575577
20.327557476599
20.3239428274722
20.3237355827013
20.3235432091918
20.3214082140319
20.3190079997933
20.3163992472215
20.3157952191474
20.3143437604024
20.3140321366066
20.3128841623084
20.3105993611213
20.3096198565695
20.3062523017092
20.3058045616884
20.3056861426732
20.3053353579216
20.3039553220162
20.3015829283654
20.3015509128272
20.2980061015101
20.2942874455656
20.2941369368304
20.2937282988949
20.288113388336
20.2875971587786
20.2870698349656
20.2857479843063
20.2849562045192
20.2839295215298
20.278215469246
20.2766536814941
20.2717997213525
20.2715185420627
20.2710769781651
20.270897782752
20.268661428728
20.2683825174885
20.2621696186643
20.2617937107113
20.2612589483703
20.260958911935
20.2593953614041
20.2593858200567
20.2577306095069
20.255772653892
20.2448751343236
20.2439404952256
20.2437095257747
20.2406307658795
20.2400180902834
20.2395688805687
20.2384133064184
20.2381290773149
20.236282057466
20.2360265229866
20.2348114342382
20.234566935061
20.2345441120873
20.2337531373125
20.2302653964261
20.2298068693707
20.2294546433396
20.2263874960629
20.2263069572748
20.2237345249749
20.2236059767131
20.2209571740151
20.219937041607
20.2186624813233
20.2151831146511
20.2114397128468
20.2098384983202
20.2095259708984
20.2093654910633
20.2062276216019
20.2060548701999
20.2022063588049
20.2002023011408
20.2001246874578
20.1995542107905
20.1977579543943
20.1959499937988
20.1949548988394
20.1924483679837
20.1909731013982
20.190353078383
20.1899167878679
20.1889378502951
20.187906712931
20.1854560603494
20.1841264688658
20.1822318333424
20.1805297813576
20.180476437975
20.1767646751279
20.1761530595973
20.1761150372436
20.1746743079474
20.1702057632812
20.1700371082525
20.1692873793635
20.1661117664966
20.1630661285626
20.1594700750795
20.1552859169791
20.1533517026074
20.1529343403309
20.1505789937589
20.14929982531
20.1472846127997
20.1469679228828
20.1465639087208
20.1397189713793
20.1378190324346
20.1363292106591
20.135798521047
20.1357373387164
20.1353755666774
20.1314470539709
20.1283699613842
20.1279202754315
20.1271618790587
20.125837843445
20.1256070021365
20.1252651864373
20.1217274490467
20.120125708524
20.1186715113549
20.1184975978334
20.1155529571115
20.1136285770932
20.1124430666879
20.1100955157382
20.1088300166718
20.1086858144334
20.1078164630812
20.1071815441879
20.1059383056419
20.1053819608867
20.0973379560243
20.0947596722713
20.0931197462821
20.0928849831148
20.0914094092295
20.0867579354993
20.0857122910422
20.0851010377174
20.0839494286523
20.0801632714984
20.0771491780546
20.0771320048582
20.0732758422239
20.0724115685767
20.071644403215
20.0714659529115
20.0697489010549
20.0687314925122
20.0678324654992
20.0673759047422
20.0650764500421
20.0638783313315
20.0628704139689
20.0546161279869
20.0541124883011
20.0540753885271
20.05275843164
20.0522988471941
20.0503114036544
20.0468715398988
20.0439308276562
20.0432184778288
20.0425233984492
20.0417784164218
20.0410249657901
20.0388087875809
20.0377256497082
20.0357984955176
20.0340389619371
20.0321206510571
20.0314717405551
20.0310062623477
20.0291181560529
20.024635652154
20.0242736073209
20.0238953316097
20.0226306914206
20.0224573836396
20.017598606632
20.017027337792
20.0120137471511
20.0107299034325
20.0103566682645
20.0073084709179
20.0064814866203
20.0060329096158
20.0053319893731
20.0019804645999
20.0002427838835
19.9987972216205
19.9983389898504
19.9977008310305
19.9944914787433
19.9926161462766
19.9924541716813
19.9861040709671
19.9844934783602
19.9819971686031
19.981806178107
19.9817956830664
19.981348492017
19.978195690113
19.9779028313352
19.9771671458128
19.9751639302892
19.9749864237484
19.9735313735378
19.967875099802
19.9675664279295
19.965277156022
19.9646517043903
19.9646452984251
19.9645598816338
19.9640515008157
19.9639574861323
19.9610622114502
19.9583970653283
19.9572425405707
19.9558863688136
19.9518349008492
19.9504757021342
19.95018110985
19.9500944485418
19.9473238317776
19.9447437578171
19.9435886180802
19.9427792255931
19.9417332449346
19.9407211621547
19.9401830078796
19.9397759183887
19.9335262548871
19.9328078767161
19.9320183879022
19.9300750917706
19.9251536180727
19.9218071240924
19.9169477186367
19.9153428444967
19.9151072761421
19.913479216575
19.911528795334
19.9089651972286
19.9056274209854
19.9033460856648
19.9010436052205
19.8992876145308
19.8979235134397
19.8977682803729
19.8951622489104
19.8931000476283
19.8924828521769
19.8901344893212
19.8876629891901
19.8856245348925
19.8846951173762
19.8835680229038
19.8832669408589
19.881050040966
19.8782044737339
19.8780950460754
19.8771399561894
19.8765151601603
19.8730062616751
19.8722524157376
19.872151703845
19.8695131891692
19.8690974283032
19.866318906989
19.8660220123632
19.8654680447031
19.8651591039312
19.8642647602997
19.8636082420896
19.8635468190597
19.8628827370106
19.8628307262018
19.8609399526815
19.859550951638
19.8591120434921
19.8586183382241
19.8581837708789
19.8555319086819
19.8555271456544
19.8535580732711
19.8532645259404
19.8487190744431
19.8454190743304
19.8430562796432
19.8425521689597
19.8422770923468
19.840767650807
19.8385779333733
19.8355479845584
19.8349501295278
19.8340891738138
19.8318286803172
19.8286069406993
19.8274833657036
19.8274098854587
19.8261697044197
19.8255294045117
19.8235863708775
19.8194420685276
19.8185379964367
19.8165936977381
19.8156672189598
19.8149432747214
19.8137719540725
19.8135012633003
19.8120671187378
19.811086641112
19.8110069661856
19.8104191674748
19.8097113581151
19.8087834689962
19.8081244443288
19.8062323292826
19.8055866416028
19.8045947743315
19.8006124059653
19.800453888082
19.7998850297854
19.798489201422
19.794300115706
19.7897882536494
19.7872824717265
19.7818290772047
19.781277737885
19.7751205947082
19.7743021087581
19.7735036333127
19.7734596857344
19.7723215465724
19.7717131457029
19.7715188972689
19.7653480991172
19.7651812843152
19.7647380473221
19.7634149903199
19.7628037577269
19.7605305627797
19.7591783223361
19.7589658858859
19.7584201632359
19.7581629406608
19.7581366897388
19.7555607507257
19.755429147189
19.7550394991837
19.7532446326513
19.7525611570325
19.7523288272922
19.751919478824
19.7500396075611
19.7460885739606
19.7422258950747
19.7400978512301
19.7386213150435
19.7374160018778
19.7371908490946
19.7359301294592
19.7358147076258
19.7342565518443
19.7335922545697
19.7319713472069
19.7318662475845
19.7297970403882
19.7292513731614
19.7287513670699
19.7264806286999
19.7254097804723
19.7243432150238
19.7233054111625
19.7223780839059
19.719719152722
19.7181684812272
19.711344874057
19.7111550453012
19.7109266528119
19.7090976325904
19.7085929616156
19.7075745711639
19.7072265904153
19.7069558549802
19.7068425663635
19.7051029424744
19.7029387123766
19.6994761935638
19.6990167735665
19.6979606998608
19.6965741298366
19.6958340252107
19.6952499334497
19.6951576772402
19.6909523941348
19.6903682524414
19.6886081489675
19.6858436572356
19.6843525653842
19.6837334482142
19.6801894799389
19.6790167257492
19.6775723208601
19.6758864408417
19.6754074972453
19.6739692885941
19.6722973413297
19.6708632430414
19.6662349343878
19.6648987364778
19.6627813567365
19.6610819048919
19.6607028917969
19.6595157383931
19.6546510892114
19.6539725159366
19.6528910896895
19.652371822836
19.647369574562
19.6469295847627
19.646700713537
19.6460783884871
19.6459198098215
19.6456995199485
19.6449736887003
19.6446943824951
19.6439119098417
19.638006006121
19.6376388728356
19.6369723591956
19.6347028841313
19.6345395206249
19.6331929832958
19.6307807386503
19.6286973610353
19.6283925494932
19.6232235262841
19.6207900947436
19.6194731531722
19.6192017140001
19.6186797405666
19.618130318201
19.6179823452043
19.611243027868
19.6098129696309
19.6076365774359
19.6072947523921
19.606739037368
19.6042834800179
19.6039925727066
19.6035392010536
19.6024968924298
19.5991757274926
19.5988186835663
19.5977005579579
19.5976851480466
19.5975741896744
19.5970469692085
19.5959484715094
19.5936797754379
19.5935405188512
19.5931628811869
19.592939946122
19.591988817631
19.5899627196883
19.5896427609385
19.5867647477355
19.5836284081254
19.583278275728
19.582496287687
19.58240553748
19.5820048864166
19.5800337261317
19.57864625832
19.5784609076218
19.57787950038
19.5768793178734
19.575679667234
19.5748318022112
19.5744975017161
19.5738664415456
19.5732918304973
19.5691207535798
19.5684101274692
19.5680165279009
19.5678958776595
19.5678895272435
19.566421499475
19.5656198477752
19.5656071179623
19.5653111041207
19.5639795502429
19.563769142721
19.5608635469299
19.5597309533939
19.5568585305066
19.5562579983593
19.5554642289253
19.5523505615425
19.5489424456435
19.5467266008048
19.5466941689684
19.544600090547
19.5442067589748
19.5435497778768
19.5434293929703
19.5430746612853
19.5418239608604
19.5399580330641
19.5395106064942
19.5388178435515
19.5388113057664
19.5384516617447
19.5380362754376
19.5360550943663
19.5359501952496
19.5346347444197
19.5338991750098
19.5328276911653
19.5285533564967
19.5266492425737
19.5215538084732
19.5174479982576
19.5168600753788
19.5153720221629
19.5125704868597
19.5113011826909
19.5092292286628
19.5044737677221
19.5018280708539
19.5011664000602
19.5006842923575
19.4992671804115
19.4969553948988
19.4945186666884
19.4938076892354
19.4908283982256
19.4907803829704
19.4906980657404
19.4889575288244
19.4888269522599
19.4858086353031
19.4827880950747
19.4808051175717
19.4807600829037
19.4792623915641
19.4782383721467
19.4763298585216
19.4754804596638
19.4754386673299
19.4739155386622
19.4722468468363
19.4713974681774
19.4701588092695
19.4699872355352
19.4684733102905
19.468354061418
19.4678628867639
19.4670238235866
19.4656249909267
19.4654631905809
19.465234515016
19.4651711802283
19.4620840292656
19.4615050088531
19.458530484626
19.4565413585648
19.4561437682409
19.4553658801146
19.4537264276302
19.4521163679738
19.4513888540066
19.4503180181169
19.4491494993761
19.4465682060438
19.4456393162513
19.4439910145442
19.4430309471579
19.4430165571158
19.4419223075754
19.4417422176019
19.4414612124663
19.4401199467163
19.4384191462803
19.4382781859062
19.4378660339247
19.4363714627748
19.436175881463
19.4358788144541
19.4341780381785
19.4337060951804
19.4290181543807
19.427791590358
19.4268231486875
19.4267829289415
19.4258501084088
19.4233179651607
19.4224039403229
19.422319470162
19.4213420355925
19.4201133760377
19.41988881701
19.418676800586
19.4181310979803
19.417009260411
19.4165586951656
19.415438789372
19.4147766050645
19.4144546028743
19.4117523643784
19.4104821267623
19.4086928881247
19.4082162099665
19.4082162099665
19.4057995337325
19.4030737736278
19.4023996011489
19.402245976065
19.4013349816498
19.3997058705062
19.3996607882311
19.3958552891971
19.3955535424584
19.3952403839505
19.3947308201827
19.3930606515684
19.3901330239408
19.3889185564493
19.3888236140318
19.3859978025836
19.3858759191801
19.3857997345084
19.3853158263501
19.3847935525028
19.3840039056094
19.3825030030677
19.38077015562
19.3802110257035
19.3793142334002
19.3772646905674
19.3769534376181
19.375734391899
19.3745446787336
19.3718520148044
19.3670777010203
19.3670621754205
19.3669534894724
19.3661418531263
19.3660097542695
19.3657455041942
19.364808408151
19.3641935695073
19.362218081276
19.3612073987842
19.3606137809395
19.3571701031357
19.3560915172728
19.3553220690391
19.354795676739
19.3509848285449
19.3495559580171
19.3398114393099
19.3373833909778
19.3364473384905
19.3348893096222
19.3336218721626
19.3330558196411
19.3306998502323
19.3297454307348
19.3268443693495
19.324121264381
19.3232538174983
19.3231767648043
19.3202484217733
19.3188278715902
19.3183389636785
19.317845739388
19.3159153432207
19.3140835338381
19.3140712559402
19.3129533357284
19.3121786582158
19.3119982238606
19.3119161974809
19.311128401709
19.3109724101979
19.3107137390681
19.3104508935171
19.3081727446578
19.3078392226
19.3076044551937
19.3038117179193
19.3018581557732
19.3016136919454
19.2992986840246
19.2972572008917
19.2948152582931
19.2940347468307
19.2925346222355
19.2923840676926
19.2916393258284
19.290692954839
19.28821811098
19.287007823389
19.2868017605138
19.2844057933491
19.2768434806707
19.2754747238151
19.2752237235351
19.2710624159296
19.2704683594682
19.2701519551865
19.2698825050555
19.2688682085244
19.268062886502
19.2673855713874
19.266870848147
19.2653938381363
19.2624677330583
19.2624461858386
19.262351372556
19.2615019618106
19.2597491205508
19.259533040756
19.258114398349
19.2542461732105
19.2536116057816
19.2524544399255
19.2508338987807
19.2507641391462
19.2503498410593
19.2500531854133
19.2473880667236
19.2471824264926
19.2469461067772
19.2465433593338
19.2448035539547
19.2440883483465
19.2439698293076
19.2417372931343
19.2410198903656
19.2406940283696
19.2401080904226
19.2396320384711
19.2299206434992
19.2292570808561
19.2292214408734
19.2278081832135
19.2272726745121
19.2266832835324
19.2262097331016
19.2230454921724
19.2202129152163
19.2183771111317
19.2149439450318
19.2147224826105
19.2146998816464
19.2116621888607
19.2110771322772
19.2104417995911
19.2099832016667
19.2093244505895
19.2076870520493
19.2067397760798
19.2036960504396
19.2027541337067
19.1998175296709
19.1994458310728
19.1963797893089
19.1963567699519
19.1952189535611
19.1940198518213
19.1906732182092
19.1901684027688
19.1896030775759
19.1894640142137
19.1887359336939
19.1883044001888
19.1874036121706
19.1872549505892
19.1869622084998
19.1855902907392
19.1833959638918
19.1824253845011
19.1812061598423
19.1809350190391
19.1785804852418
19.1773987901223
19.1754073844434
19.1731293183074
19.1703500248366
19.1700333844359
19.1698395699535
19.1672739002179
19.1667523878202
19.1663776792229
19.1621322563986
19.1619654948363
19.161822534217
19.161522250375
19.159312631673
19.159274409574
19.1560393533215
19.1560345599747
19.1555742916685
19.155526334868
19.1530534453463
19.1526350906283
19.1525196516233
19.1485095052196
19.1484080792182
19.1481520535563
19.1475672963709
19.1473884180343
19.1464064346878
19.1452054602046
19.1436779464812
19.1414479553467
19.1406889161759
19.1394615576186
19.1389155810138
19.1377836803245
19.1361812176615
19.1354719925702
19.1354328482647
19.1350804805458
19.1326938387199
19.1302670584641
19.1302277098799
19.129415799854
19.129218873868
19.1237336999175
19.1231344838326
19.1227727995691
19.1221680487873
19.1204161742558
19.1187507873148
19.1183974682267
19.1168284185246
19.1158907953305
19.1123969010865
19.1123969010865
19.1123217908622
19.1109287258945
19.110462267036
19.1061988973478
19.1061333974196
19.1058461547707
19.1021601196446
19.100225834094
19.0993435303113
19.0985619908419
19.097546091938
19.0961526328323
19.094594135397
19.0943086570659
19.0911783485007
19.0903340930966
19.0885049883097
19.0857421867783
19.0831264196347
19.080405568349
19.0800849809474
19.0777706025569
19.0773610161557
19.0764634874121
19.0762091276058
19.0756482692701
19.0753625260371
19.0742655530005
19.0703774786384
19.0696043177301
19.0672498119517
19.0656403287621
19.0638600671344
19.0619081181176
19.0586904084586
19.056797149585
19.0565800949102
19.0557326013216
19.0543326647264
19.0539133630434
19.0535894781205
19.0529201376084
19.0528776246685
19.0506325010152
19.0505046646455
19.050232958087
19.050083754461
19.0490813817397
19.048547795118
19.048419691952
19.0463464103493
19.0452920914245
19.0435878470158
19.0431586486444
19.0429922847418
19.0422782156722
19.0422352478873
19.042020381265
19.0407732436064
19.0404396932829
19.03987993956
19.0377456971063
19.0353256963574
19.0350822919397
19.0343138270998
19.0336422899586
19.0334255688399
19.0305006619226
19.0304245762065
19.0274036478728
19.0260125880702
19.0240891953129
19.0237828596323
19.0219319098078
19.019643610683
19.0194183390511
19.0193139276702
19.0179170643357
19.0163032946223
19.0156305808586
19.0115072283625
19.0105153104718
19.0099330010161
19.0084674088545
19.008211820639
19.0077616042775
19.0076003664151
19.0024828705072
19.0017951990864
19.0014427939175
19.0007264133993
18.999527567285
18.9970356478921
18.9966028581621
18.9945431367906
18.9944811668797
18.9903826385301
18.9902864659171
18.9902412050163
18.9898394247281
18.9893298936555
18.9886727815263
18.9885141035403
18.9843340842779
18.9809020628027
18.9791930661505
18.977790537362
18.9776243934752
18.9748933897411
18.9747497483158
18.9745026367896
18.9742957057487
18.9725005074208
18.9721433851314
18.9710251133786
18.9709674365993
18.9701827019551
18.9697496802944
18.9690275605818
18.9684841828399
18.9679347243319
18.9668870249779
18.9650784651299
18.9647767202298
18.9643297383657
18.9631619992024
18.9615330216653
18.9605019045596
18.9602337564703
18.9592479859
18.9587167835899
18.958582478981
18.9585182399652
18.9574489305027
18.9562672706598
18.9554826262274
18.9553303104414
18.9523202482315
18.9522556056608
18.9509912974952
18.9494366550442
18.9483162860308
18.9478264674604
18.9477969526543
18.9458588759428
18.9440533244188
18.942897244645
18.9415913429719
18.9402480476551
18.9401707235451
18.9381641553824
18.9374784989886
18.9349882987546
18.9310402591066
18.9299351339769
18.9298149380574
18.9279681154801
18.9279620941948
18.92770916747
18.9250012552788
18.9244031998473
18.9239740710627
18.9237564142583
18.9230608041348
18.9221890964407
18.9192839776925
18.9163947603631
18.915943898234
18.9157610583646
18.9131855619821
18.9129044193187
18.9111056816207
18.9100763769843
18.9099047231606
18.9076090887663
18.9065638739103
18.9065454191291
18.9061516359755
18.9055052494077
18.9034216584677
18.9002695383765
18.8963060419662
18.8957341018302
18.8948008887099
18.893767116658
18.8899028178633
18.88772374486
18.8871155123836
18.8860674817378
18.8826900032057
18.882349736408
18.8817571437981
18.8800088419507
18.8788711206834
18.8784283237176
18.8782321652589
18.8769657010572
18.8769023357243
18.8740848604488
18.8734364797886
18.8703030785062
18.8700351376303
18.8700032351243
18.8699011402653
18.865802367674
18.8651357693517
18.865065237768
18.8636535603969
18.862824876319
18.8623556266278
18.8617639296623
18.8591614558447
18.8588324437489
18.8584323224165
18.8527163750696
18.8524696538633
18.8491980955907
18.8489505047138
18.8481291065959
18.8442149515214
18.8437892872331
18.8437368852576
18.843258590337
18.8408505395951
18.8402591230038
18.8388119637874
18.8378372406501
18.8366570816862
18.8366306935028
18.8364657515785
18.833022156
18.8322140697955
18.8298390238982
18.8288555109501
18.8266790432222
18.8191480914122
18.8174346864582
18.8158395912051
18.8158328554521
18.8138910679935
18.8124322489728
18.8119252164206
18.8069358491278
18.8066775688651
18.80632402458
18.8062696220557
18.8061404041977
18.8030887346518
18.8029659281129
18.8028908722474
18.8008143687691
18.8008075310453
18.8005408233451
18.7999045408553
18.7997744978383
18.799596516827
18.7989938844008
18.7985485248684
18.797801245718
18.7974445487284
18.7972181173207
18.7968268877222
18.7896893150499
18.7889907374223
18.7821591328554
18.7814831581543
18.7808276536365
18.7798575556084
18.7784111307153
18.7777746001351
18.7751893430597
18.7745156588237
18.7742418449101
18.7733075050445
18.7699916397238
18.7698717529814
18.7697024766373
18.767902143619
18.767329594168
18.7635041974004
18.7625384528499
18.7605329762328
18.7600202944688
18.7589584925126
18.7583879319928
18.7546928139868
18.7535823276588
18.7501571380611
18.7491136083896
18.7477229429159
18.7468356538142
18.7459042357171
18.7442775901876
18.7442197051617
18.7435175824785
18.7415678755852
18.7410816689669
18.7400576851449
18.7384069377525
18.737096035227
18.7368044900355
18.7364618157877
18.7362867878922
18.7358709738207
18.7338477979142
18.7326626689476
18.7315494174795
18.7310509824086
18.7306696584767
18.7305449633378
18.730229488564
18.7298992339347
18.7293779436192
18.7286506201009
18.7261044978803
18.7260308140576
18.7257581366958
18.7250355506914
18.724792113355
18.7241943339769
18.7229903110658
18.7219550224236
18.7213555441737
18.721303720537
18.7210889939978
18.7202889169106
18.7179294102734
18.7172903471478
18.7169557908222
18.713581674443
18.7135369076779
18.7125365940634
18.7091325201062
18.7088851799486
18.7068441638349
18.7016478212038
18.7014363839583
18.6997508395556
18.6995314342943
18.6992514335357
18.6981154914526
18.6975621991599
18.6966444234499
18.6962725224624
18.695824539706
18.695665039776
18.6943881236585
18.6936272796937
18.6910284404678
18.6909139667986
18.6893405345592
18.6890729576197
18.6866998597679
18.6856493065973
18.6856493065973
18.6852502673557
18.6851274540088
18.6824910088366
18.6824910088366
18.680248794964
18.679592902908
18.6783880276522
18.6772977553241
18.674454368153
18.674376778401
18.6734607643949
18.673017982318
18.6728703447137
18.6676033199309
18.6669547126554
18.6664542943266
18.6651395035254
18.6625753895034
18.6620177854585
18.6617977997567
18.6591226760106
18.6586419692837
18.6586025568443
18.6585867914336
18.6556896230253
18.6548037993096
18.6543764252004
18.6535290514143
18.6533151146199
18.652450978207
18.6511414594069
18.6507363518691
18.6497904622451
18.6447119012278
18.6439922811562
18.6414053720293
18.6413251750655
18.6401856835405
18.639968872667
18.6383694445836
18.6372185251296
18.6368399614921
18.6363726002214
18.6359130839952
18.6355017588369
18.6333698373627
18.6304796502414
18.6301715188128
18.6298389546999
18.6291653763912
18.6277193032832
18.6276298705711
18.6274265846568
18.6251061996532
18.6243152248784
18.6242010118873
18.6241602183718
18.6236379143464
18.622600658815
18.6215132445052
18.6207112345271
18.6197037190322
18.6196627416394
18.6193840508287
18.6174063952234
18.6172831752386
18.616880550779
18.6162721982447
18.6129361298132
18.6123088600666
18.6119290055628
18.611747284999
18.6106149177762
18.6100937634489
18.6093156628029
18.6091914417721
18.6065792292367
18.6054576173214
18.6043929999424
18.600566002046
18.6001983734136
18.5997804494864
18.5982074906614
18.5955999709796
18.5936335507422
18.5936167270545
18.5934400612426
18.5931455488478
18.5926488886668
18.5903897626955
18.5896890716842
18.5890723952128
18.5883454114027
18.5868983249978
18.5863731326975
18.5838279760267
18.5822211948961
18.5820510139934
18.5780861215001
18.5777357734984
18.5775819233994
18.5762818000467
18.5747485632039
18.5745513845723
18.5721048529184
18.5720876631086
18.5713998282994
18.5706082329353
18.5701088614442
18.5651965860104
18.5636809158591
18.5635768999793
18.5633254835934
18.5614161254254
18.5612423664981
18.5611902329319
18.5605122491254
18.5597902996566
18.5595553362271
18.5570630688049
18.5563560866726
18.5551766712637
18.5530852518808
18.5514370395546
18.5473574467789
18.5468639546956
18.54667883236
18.5460174012637
18.5458585926806
18.5452495927015
18.5430665041353
18.5414725819532
18.5406835363471
18.5389258950392
18.5388370432705
18.5378591524141
18.537761310713
18.5373520507561
18.535231896028
18.5337593980042
18.5325887777546
18.5317389966339
18.5306645556874
18.5258782463243
18.5243558400883
18.5228401414943
18.522352464363
18.5219278109687
18.5214125637064
18.5186872853044
18.5155908437354
18.515536274965
18.5151724070451
18.5147719993519
18.511955519728
18.5069226583149
18.5067391670256
18.5062527522143
18.5060966822396
18.5039643480891
18.5031635490883
18.5001479014133
18.4952778821592
18.4919403777247
18.4914653426703
18.489273535418
18.4838996447739
18.483777601392
18.4833738132908
18.4832610991338
18.4824059363893
18.482396534933
18.4809664848257
18.4808534989865
18.478808132629
18.4779302647531
18.4763897746105
18.4747521757401
18.4746005859418
18.4745437338425
18.4740698406113
18.4727892060005
18.472618330739
18.4709460100999
18.4706892133056
18.4690613004345
18.4681748304807
18.4674593625103
18.4668293269783
18.4611890892899
18.4570705307352
18.4531866555086
18.452160030979
18.4519371336029
18.4495305570564
18.4480235003441
18.4478872671906
18.4462022811824
18.4455879676585
18.4448951934605
18.4443484412526
18.4435082035917
18.4433615781754
18.4431660441714
18.4425400783053
18.4412379884142
18.4408264496453
18.4383536540295
18.4380392102485
18.4348597451256
18.4347611481604
18.4309181623048
18.4307795786298
18.4302151467353
18.430195336321
18.4283115551153
18.4278648761658
18.4257180354696
18.4256085821887
18.4245133899725
18.4239155064623
18.4221696350038
18.4215503657217
18.419550105021
18.4188190120044
18.4156078988031
18.4150046654541
18.41417965761
18.4133035996133
18.4122755188084
18.4122452651313
18.4113876970408
18.4112463799654
18.4096905726525
18.4083955895187
18.4083652182297
18.40822347335
18.4041346085261
18.4041244416367
18.4040024308996
18.4004372194753
18.3999064447359
18.3997532842694
18.398261295765
18.396900215287
18.3967056239027
18.3957320985884
18.3949525953796
18.3884777489123
18.3880645727177
18.3876512257381
18.3857372703542
18.3837158844469
18.3826776891522
18.3798170818974
18.3796816504177
18.378993792131
18.3763526101028
18.3753067380641
18.3750869658937
18.3740292911086
18.3739664237273
18.3706077573179
18.3699977895852
18.369839978737
18.3691347860691
18.3679548449293
18.367902136507
18.3664357291
18.3632740640028
18.3624900327709
18.361312832145
18.360782108544
18.3606546929567
18.3605909790745
18.3592414153525
18.3581029659676
18.3577835417803
18.3568566342288
18.3567926778897
18.3560355504588
18.3556514357319
18.3553739277517
18.3527123475116
18.3502153602799
18.3493351068818
18.3485830575119
18.3484970729891
18.3436052962721
18.3409663157226
18.3399803200309
18.3396984283188
18.3386026329168
18.3371143353302
18.3366467483424
18.3363530354283
18.3354495995897
18.3352208900009
18.3348286946826
18.3347851079286
18.3333129398138
18.3327016261253
18.3326251856315
18.3318932451372
18.3299022803935
18.3247423668734
18.323552913221
18.322637833639
18.32256061995
18.3221413558627
18.321136613616
18.3208825078735
18.3124717307303
18.3124160151472
18.3113568288376
18.3101513370073
18.3098944240938
18.3098050476064
18.309302155969
18.3091121088479
18.3086647966277
18.3085417506811
18.3083851248487
18.3067390708067
18.3062234219745
18.3061785703773
18.3052586690335
18.3051352032362
18.3040795096935
18.3035175161754
18.3021786998714
18.3015705780481
18.300499835696
18.3003757809087
18.2993827881956
18.2989085120225
18.2987390731471
18.2973146520012
18.2961034293674
18.2958542110055
18.2945277779518
18.2929041890102
18.2928928259549
18.2907656617309
18.2889876606015
18.288576903319
18.2879261923658
18.2866806700854
18.2857197585183
18.2855137287119
18.2852275057651
18.2851702513437
18.2845058603824
18.2829921507027
18.2810392943177
18.2795088080033
18.2794051565944
18.2792784569473
18.2770990154743
18.2766024997344
18.2746834018148
18.2744519364063
18.2730736083661
18.2712057825634
18.2705552853747
18.2693577291761
18.2674829433248
18.2671448750901
18.2664217249233
18.2656980514319
18.2649271134191
18.264494660763
18.2642608246811
18.2619897725829
18.2599132210228
18.2595725835576
18.2588909603278
18.2580559264957
18.257726425569
18.2576204914952
18.2571377608789
18.2562305389774
18.2554758575586
18.2552752995347
18.2552399027664
18.2545435115789
18.2522975946558
18.2496788770411
18.2493940781784
18.2482897158353
18.246422590368
18.2421639398983
18.2416258458145
18.2415540780549
18.2398061398173
18.2388350739064
18.236577601076
18.2356996537325
18.234327069085
18.2319869273674
18.2312137189975
18.2297744434665
18.2292175292411
18.2290358596975
18.228963182638
18.2275813139865
18.227569183879
18.225650776297
18.2248848141564
18.224446857945
18.2242034660342
18.2237773875928
18.2223273614454
18.2205698917487
18.2204843804215
18.2197266750104
18.2195555007546
18.2194332154874
18.2179401299083
18.2167881972303
18.2166287828937
18.2165551984739
18.216211732903
18.2155490016898
18.2128936759588
18.2120439588389
18.2112551694664
18.2107865312218
18.2106631688571
18.2071904496663
18.206410210725
18.2052821230856
18.2041279259621
18.2036435110699
18.2033950021223
18.2027734594334
18.2016288105414
18.2014171558366
18.2011431832321
18.2010186254122
18.1956854792747
18.1938805151346
18.1898703775771
18.1894798190104
18.1891143196271
18.1887234656061
18.1870574716828
18.1854140028358
18.184565928357
18.1838438655062
18.1820935511443
18.1820681617342
18.1811664197872
18.1781122440124
18.1765944156182
18.1755216185805
18.1751637636613
18.1739870521779
18.1731804611334
18.1731676528541
18.1727833281719
18.1727192596955
18.1725911104271
18.1725398461211
18.1714498578748
18.1712188843203
18.1699989726447
18.1691248579515
18.1688933466964
18.1676834719124
18.1665881744941
18.1658401058949
18.1649106898111
18.1645102583731
18.1638382066516
18.1627257443735
18.1611843631724
18.1605360144937
18.1603803482418
18.1600559657011
18.159419870525
18.1589392855009
18.1588093580003
18.1580944548392
18.1574701214249
18.1547079766627
18.1543947997413
18.1542120678998
18.1537028530589
18.1511136009258
18.1495935450724
18.1485176271583
18.1475851036955
18.147493117651
18.1470199128628
18.1463359992723
18.1447032383592
18.1440441120731
18.1414561394133
18.139788898971
18.1378004577834
18.1374288437799
18.1365922070107
18.1342512200673
18.1311302604406
18.1310634668661
18.1306225173477
18.1283210819495
18.1282005120556
18.1262022950335
18.1250740209044
18.1248455247442
18.1239310176401
18.1235811320222
18.1229348675429
18.1219646870402
18.1219107605151
18.121883796162
18.1201565634873
18.1179121060821
18.1177496607379
18.1170725209503
18.116679569678
18.1158660764936
18.1132584422576
18.1131904441887
18.1123468837697
18.1121971454711
18.1116933156733
18.1108757544128
18.10970274975
18.1091157310373
18.1087059789315
18.1081047053066
18.108009014797
18.1068737002408
18.1054356097768
18.1043385320074
18.1035973235291
18.1017006243157
18.1006132113564
18.0998278872321
18.0971365785295
18.0970951171542
18.0956705662346
18.0946458482885
18.0912873927954
18.0884196281026
18.0869966169388
18.0868290706537
18.0864380201194
18.0824910333166
18.0801743811752
18.0782326876341
18.0762731051451
18.0761884323349
18.0728097880697
18.07217236268
18.0714352758405
18.0708253510693
18.0703286258971
18.0703144301232
18.0696896164819
18.0694907302442
18.0686379123402
18.0672718891046
18.0657186180173
18.0654761470948
18.0650481137587
18.0643771596225
18.0634627954705
18.0622757328816
18.0612305239237
18.0607576734144
18.0582320209274
18.0561464244462
18.0560888290538
18.0555703211925
18.0533347809557
18.0525403219044
18.0524247116265
18.0512389350209
18.0504572891824
18.0497040153028
18.0485730394982
18.0478328631283
18.0474698313735
18.0471066677789
18.0465544063999
18.0464671793478
18.043409429215
18.0430593759741
18.0426654195523
18.0420960972494
18.0408102805057
18.0404154368659
18.0352976358769
18.0346946813817
18.0343709948839
18.0339883211675
18.0329867893293
18.0328836334976
18.0317777241432
18.0311726429184
18.031113590997
18.0282897953315
18.0278899759853
18.0260962269404
18.0248936523955
18.0246410764914
18.0230647507876
18.0219777213233
18.0203971883846
18.0184703335647
18.0148605728168
18.0146504761716
18.0125921976375
18.0117345840075
18.0095043574988
18.0086742878008
18.0069515824257
18.0046196966308
18.0043922740104
18.0024191084136
18.0015831341129
18.0014158553577
18.0003506980702
17.9996348838772
17.9966289689684
17.9952220903243
17.9950690494009
17.9948700611788
17.9931080541805
17.9906821355948
17.9903900144086
17.9888049231648
17.9884352203092
17.9852099337578
17.9835701580087
17.9831985144106
17.9820827541833
17.9816640229328
17.9803601810717
17.9796454513956
17.9778875305782
17.9766255238202
17.9761421118581
17.9749559831801
17.9746279888624
17.9725951500076
17.9724229507883
17.9723759822181
17.9711697000055
17.9706836427823
17.9693339878379
17.9689098829677
17.967903878293
17.9667236772071
17.9658257919028
17.964737798355
17.9645326814771
17.9631272886438
17.9550037413441
17.9546850721042
17.9541749900018
17.9534891572064
17.9530902008709
17.9528188196185
17.9521640087316
17.9515247553578
17.949588522405
17.9495404689695
17.9488193902045
17.9486911439716
17.9479854955476
17.9474880349932
17.9468779068474
17.9462513353777
17.9451579118888
17.9448039011038
17.9447073309536
17.9443209570677
17.9438216697497
17.9430642099434
17.9425320334095
17.9421286807367
17.9414022356845
17.9413537872457
17.9413214869825
17.939009309839
17.9380699776674
17.9373892203797
17.9363185217277
17.9362860584113
17.9358152218559
17.9356690550794
17.9351166765886
17.9344826900111
17.9342387419546
17.9313230268016
17.9303437866137
17.9302458098341
17.9301478234541
17.929706765889
17.926597514186
17.9229029590356
17.9216684011386
17.9212565429108
17.9211576716905
17.9204982802849
17.9173271350251
17.9171120581343
17.9146436369182
17.9139799347633
17.912352000385
17.9082705320561
17.9068338942092
17.9046750601448
17.9028137209528
17.9024611856327
17.9023268537656
17.9007807389107
17.9005620732748
17.8983222043727
17.8975969616797
17.8957730989771
17.8918608568141
17.8896354059215
17.8890740143362
17.8859551100703
17.8851354238959
17.8850158301727
17.8849987441875
17.8844005507139
17.8839388425566
17.8838019991907
17.8836138089812
17.8833571288801
17.8833057849528
17.8828606937874
17.8810097300725
17.8790350228465
17.8783128521765
17.8767980394309
17.8758328715719
17.8735022907206
17.8722916996314
17.8716858540689
17.869848765164
17.8694670592811
17.8690678472855
17.8688942271313
17.8676780412872
17.8665648040875
17.8631827119879
17.8619945238349
17.8596314290079
17.8569992020292
17.856278519283
17.8554165336723
17.8549060287014
17.8546947090091
17.8544481129146
17.8533200414445
17.853284768698
17.8531965813881
17.8487064027225
17.8466135354409
17.8458497902105
17.8440357791491
17.8438933645086
17.8421471371623
17.8420401261579
17.8418974270032
17.8413978195415
17.8398617483658
17.8395220653405
17.8380010164184
17.837266506044
17.8361906394194
17.8337836832351
17.8321097715615
17.8288438880889
17.8287535187493
17.8277589166438
17.8260205101071
17.8227891962545
17.8227346463368
17.8215155888629
17.8208963937966
17.8206777627902
17.8190912568728
17.8172280044111
17.8157458856252
17.8147749139361
17.8133809298512
17.8129954071419
17.8120585184621
17.8117460270761
17.8115437747196
17.810899972216
17.8091135503848
17.8086526146772
17.8086157306406
17.8083759512365
17.8080623067776
17.8076193470613
17.8052535756963
17.8012300223148
17.7993331590082
17.7992959296193
17.7986814445106
17.7980293050041
17.7970782825834
17.7967610740161
17.7956033422938
17.7921033340417
17.7916720045087
17.7915782125953
17.791559453157
17.7909214227726
17.788854413374
17.7856137744689
17.7842352062617
17.7840840146828
17.7813207454554
17.7812449318809
17.7802778046473
17.7786258375768
17.7784357813195
17.7772946846019
17.776742687405
17.7756377780666
17.7755234073911
17.7738444662557
17.772774579638
17.7718948870912
17.7717609529674
17.7713781851688
17.7708612161276
17.7703631413678
17.7695196800595
17.7670234710788
17.7669850191534
17.7662349109295
17.765869269658
17.7649834788393
17.7648678830391
17.7648293481361
17.7644439174125
17.762765562963
17.7610650466012
17.7607555508833
17.7606394652894
17.7600588350958
17.7597877589218
17.7593228858818
17.7583537057323
17.7575776847408
17.7561210202443
17.7545843688687
17.7520310349928
17.7516601621687
17.7506053509602
17.7491776314503
17.7487077986238
17.7462571773905
17.746080500679
17.7436431051255
17.7423827662426
17.7412589380109
17.7411405667986
17.7403115757516
17.7402325883698
17.7370085337549
17.7326007037254
17.7313064371449
17.7311868818903
17.7308679979813
17.7302299249402
17.7277935295983
17.7244688720196
17.7238869224722
17.721394759433
17.7209720838906
17.7200254479021
17.7192795929061
17.7190980845713
17.7177660158334
17.7149547811856
17.7134346390129
17.7132926411021
17.710570500714
17.7101228731326
17.7079429136274
17.7072083995978
17.7056764270371
17.7038144767718
17.7035686859386
17.7032408708234
17.7004500949827
17.6995249589731
17.6982695177059
17.6957951876052
17.6953822033753
17.6941422263627
17.6936251151412
17.6919685599822
17.6912636922194
17.6907658392002
17.6900808863418
17.6887511541699
17.6885848132539
17.6881896426494
17.6865657249041
17.6856902141336
17.6849809054712
17.6839786712403
17.6836652669358
17.682912695615
17.6827453806023
17.6805048469626
17.6802532588111
17.6792252830983
17.6785533811707
17.6772923469557
17.6765770543916
17.6756506215127
17.6736474368346
17.6724224641377
17.6723590626478
17.6723167927545
17.6721054164828
17.6720208534622
17.6711959890421
17.6692686552604
17.66538152567
17.6634429419328
17.6620132270987
17.6613082871496
17.6606883839629
17.6597043003648
17.6591690658658
17.6586763969828
17.6582906606503
17.6581406118841
17.6559301445327
17.6555648398753
17.6537147801888
17.6535640431923
17.6534563599961
17.6527022527694
17.6513002573928
17.6497665975862
17.6463451997056
17.646041472537
17.6458678727275
17.6454120297901
17.642345976831
17.6411910535704
17.6407985118578
17.6390520153216
17.6387023496858
17.6385056090222
17.6377182590701
17.6361197827561
17.6360321211299
17.6357690901346
17.6343870411919
17.6330910070939
17.6326732823685
17.6307142454117
17.6297663675949
17.6294134393901
17.6290162462166
17.6287072090855
17.6275585200109
17.6273595744219
17.6259215687982
17.6257887255088
17.6251020872405
17.6237273946668
17.6236608293274
17.6210835655755
17.6206385376426
17.6203936878345
17.6188341464691
17.6175624351769
17.6160208282494
17.6150365321653
17.6144096571168
17.6142304777577
17.6138047980641
17.6125042328077
17.6123022692726
17.6103028751641
17.6074428671343
17.6069917257389
17.6063823618283
17.6062468971843
17.6055241089976
17.6038280242843
17.6000864808997
17.5995183571698
17.5992228052244
17.5988816751709
17.5987906874997
17.5941164499521
17.5937049837551
17.5930645885179
17.5928357765088
17.5924466758985
17.592377995366
17.5917367494949
17.5908428998084
17.589718724181
17.589305444109
17.5882025281634
17.5879726008195
17.585601267503
17.5836631929727
17.5830394418985
17.5828083242123
17.5782908199177
17.577198926536
17.5753609259488
17.5743124513831
17.5741026244895
17.5738227867935
17.5736128571192
17.5719551982406
17.5712773351197
17.5709031448863
17.5707393926197
17.56984998355
17.5685143849682
17.564120116286
17.562706088901
17.5622578964067
17.5617386855954
17.561242823671
17.5593515701522
17.5592332479607
17.5586177467813
17.5579307790062
17.5578596864318
17.5573856067302
17.557243338982
17.5556533060158
17.5550118310766
17.5541558905598
17.5531087451251
17.5511065993007
17.5503905746389
17.5502950659356
17.5496262494769
17.5493394768617
17.5486939376347
17.5481915633075
17.5455079627991
17.5441394315955
17.5434183990457
17.5420710790459
17.5409629923091
17.5407219413256
17.5398054172992
17.5381390521246
17.5373411122179
17.5370749906956
17.5363972707132
17.5359613509155
17.5357433197362
17.5321510828636
17.5320294978816
17.5304719030767
17.5293996475822
17.5278135270218
17.5273982801271
17.5273494162131
17.5269584189207
17.5268606457056
17.5266650705919
17.5258334493719
17.525074603271
17.5248541852106
17.5239720268059
17.5239229951805
17.5233098969307
17.5223772670926
17.5219843204792
17.5200911023043
17.5185147861236
17.5178490317624
17.5172075157888
17.5158738200195
17.515725521742
17.5145135952491
17.5129036678434
17.5119364658336
17.5106950932128
17.5100738285465
17.5079088138273
17.5067621962233
17.5061883940196
17.5029389598109
17.5005827737353
17.4994779677172
17.4992015753891
17.4986988480829
17.4982210229327
17.4954501705087
17.4934301718419
17.4929751092629
17.4925451377103
17.4924945406651
17.4924692411825
17.4919124905671
17.4917099589208
17.4895555231198
17.4871421186687
17.4839832023005
17.4836259227255
17.4826555199322
17.4826299702957
17.481914315313
17.4804814670265
17.4795848931592
17.4762991319117
17.4745491700672
17.4732604768813
17.4722541420481
17.4703418979386
17.4686073819384
17.4679075465008
17.466480439005
17.4649992844733
17.4630209929673
17.4616129827222
17.460359751572
17.460307499508
17.458895660746
17.4571411594776
17.4571149495624
17.4555935978893
17.4549371283587
17.4545167615825
17.4524386064461
17.4506991088803
17.4504088982117
17.4482692949389
17.4469462634165
17.4459660919405
17.440491286228
17.4399581519188
17.4375822514966
17.4373951432539
17.4347719451973
17.4346647295866
17.431899961153
17.4289118709023
17.4278328893561
17.4273739694295
17.4264825232017
17.4263744150935
17.4259689055652
17.424697243169
17.4243181373127
17.4236679069999
17.4231799566527
17.4222847621594
17.4220947693514
17.4198120356029
17.4188321237166
17.4187776560023
17.418505272921
17.4184507874006
17.4181510639613
17.4173877259564
17.4171422435139
17.41613240432
17.4156680820174
17.412329546229
17.4090348312614
17.4088147971552
17.4087872894874
17.4039893979696
17.4026064249107
17.4012215365883
17.3997792153109
17.3980568012836
17.3979733833737
17.3978899585047
17.3930114240948
17.3911093256192
17.3907732852912
17.3897644862369
17.3884459095474
17.3879966353984
17.3847333472745
17.3845078999014
17.3827024888211
17.382448341273
17.38075237162
17.3805826163501
17.3797617260627
17.3779193480243
17.3768406911312
17.3755049513734
17.3739965481446
17.3735122383478
17.3727995916906
17.372771075258
17.3722005757703
17.3715440987448
17.3712299790626
17.3689997499687
17.36859892541
17.3681119937856
17.3676534885047
17.3650129956096
17.3647255649502
17.364265503984
17.3619331917792
17.3611256935378
17.3576575822035
17.3575707251268
17.3571652923217
17.3565858173098
17.3565278513358
17.3554838888237
17.3554258589383
17.354293602579
17.3539740162952
17.353828716032
17.3531600627619
17.3521707991007
17.3519378888865
17.3485253642466
17.346712286197
17.3465952004609
17.3465073771613
17.3443092842202
17.3436929513809
17.3434874226576
17.3431056143501
17.3423415601238
17.3419887227194
17.3416651790308
17.3415769216723
17.339191023841
17.3386010359186
17.3336610013201
17.3305721957755
17.3304532048187
17.3291433689562
17.3280405865545
17.3272350852356
17.3265185389579
17.324844598231
17.3236771606237
17.3210979845298
17.31980589763
17.3193547765866
17.3192946117349
17.3169755082182
17.3166136046013
17.3160403225459
17.314530113246
17.3132900374727
17.3130781634461
17.312926797367
17.3124119812509
17.3123211038294
17.3114118750957
17.3103500623301
17.310107203885
17.3098642864454
17.307127391415
17.3062134259602
17.3050850502438
17.3036193116157
17.299485366084
17.2994546804127
17.2986565222736
17.2984722414291
17.2984415246531
17.2968737166497
17.2961042846065
17.2945944782835
17.2945944782835
17.2941935345182
17.2931441517059
17.2918154121132
17.2914752181994
17.287880655747
17.287880655747
17.2878185670844
17.2877564745665
17.2872906577483
17.2867624695768
17.2864516402817
17.2862029072642
17.2853318541683
17.285051711605
17.283587468466
17.2820898550071
17.2794636224518
17.2784299982544
17.2780852193013
17.2777403214347
17.2776775999495
17.2767049135327
17.2729622411763
17.2714801754734
17.2704382620474
17.2694268839587
17.2689208110734
17.2687626107598
17.2665134611619
17.2631779540113
17.2614263333147
17.2611075269231
17.2605653226902
17.2600866629284
17.2582017084558
17.2571778721801
17.2556722096446
17.2501749524593
17.2489492249335
17.2484003863589
17.2483680923543
17.2471724804303
17.2457811871121
17.2441609664077
17.2435770437285
17.2417582118262
17.2415956551342
17.23843681509
17.2382084710724
17.2372292628472
17.234711564066
17.2341548532302
17.2340893374572
17.2333028131983
17.2327781198039
17.2320890416647
17.2314323350248
17.2310381039346
17.2307094592622
17.2302820596536
17.2286035718728
17.2274500361583
17.2257337508337
17.2249406245529
17.2247091775119
17.2227231452812
17.2191715690644
17.2151400444543
17.214572327496
17.2140042880521
17.2137702956391
17.2108575259483
17.2106227959705
17.2079362472393
17.207532641691
17.2070952184434
17.2055121668657
17.2052087432334
17.2039266052617
17.2027104299826
17.2002058595269
17.1996295980917
17.1975930757668
17.1972532517923
17.1966412774761
17.1966072679194
17.1922444674481
17.191971159394
17.1916294192499
17.1905692820167
17.1885142052557
17.1884456299085
17.1853548619684
17.1837714393802
17.1828063879508
17.1821510008177
17.1820474793628
17.1814261254818
17.1812189216961
17.1806316110437
17.1791099092111
17.1789368419394
17.1778631558029
17.1777938461272
17.1777245316474
17.177273870381
17.1724076807299
17.1723728369172
17.1723379918905
17.1710129803643
17.170454555109
17.1702101459669
17.1677277574047
17.1663265100655
17.1653093765404
17.1638344500194
17.1622869520845
17.1622165543372
17.1618292781164
17.1601023141473
17.1582663499272
17.1581956685588
17.1577361178499
17.1573824735416
17.1570287041248
17.1569579352207
17.1569579352207
17.1563916036184
17.1560729010891
17.1560374834263
17.1557540969561
17.1556832377887
17.1539811097181
17.1527026096505
17.1507105771193
17.1504612938075
17.1501050669585
17.149499189933
17.1471077408965
17.146070860027
17.1441014038553
17.1424512384644
17.1415173303505
17.141481393384
17.1406904532025
17.1391787371172
17.1386022436228
17.1384220212279
17.137484340836
17.1365096642973
17.1354255750067
17.1352809409307
17.1346298285908
17.1345936432495
17.1324926499388
17.1320574100059
17.131803432536
17.131803432536
17.1302055240031
17.1301691782092
17.1287142621558
17.1286050580715
17.1273665776014
17.1259440763128
17.1247753825602
17.124738838863
17.1245195486315
17.1243002103013
17.1240808238512
17.1231661952181
17.1192788498504
17.1191686104471
17.1178815853195
17.1156713954487
17.1149335786151
17.1122359180297
17.1110881310959
17.1109028807295
17.1096422673112
17.1090113641711
17.1087885974069
17.1085657810067
17.1081571552836
17.1076740186023
17.1071534563834
17.1046584358178
17.1027550595504
17.102530894564
17.101633731781
17.0993123289113
17.098412272597
17.0955943638736
17.0934851352197
17.0926175543954
17.0915981285836
17.0909179335681
17.0873203306119
17.0866751815411
17.0858776576206
17.0836335854011
17.083405092312
17.0806590951632
17.079971416053
17.0796656290312
17.0769093299124
17.0766792950227
17.0732608822145
17.072876059613
17.0700237604236
17.06932872603
17.0670858789955
17.0667761256341
17.0660013222017
17.0648767898305
17.0638675121546
17.063245911513
17.0616512939805
17.0584153606318
17.0584153606318
17.0559913065849
17.0550513832761
17.0550122006261
17.0529333201191
17.0516760513694
17.0512828304922
17.0511648340713
17.0469866648082
17.0427512991641
17.0413222738336
17.039533115652
17.0392545142293
17.0388961983103
17.0375015257326
17.0371824701345
17.0367835074322
17.0365440533863
17.0357454588701
17.0345463700338
17.0325847608859
17.0320636874628
17.0315423423807
17.0310207253562
17.0306995949745
17.0294140412059
17.0291728157796
17.0281268326613
17.024214827511
17.0241340063681
17.0235276394976
17.0226376357979
17.0197599359703
17.0194351683793
17.0191509101897
17.0180130687145
17.0179317447605
17.0173622918267
17.0164260574555
17.0148773124443
17.0145917555043
17.0144693489921
17.0120998732532
17.0106672962119
17.0102166335253
17.0100936902634
17.0093557131072
17.0091916441979
17.0087403158489
17.0071796123943
17.0050811484399
17.0041745674242
17.003349689047
17.0033084272616
17.0030608207896
17.0014498825862
17.0012018154414
16.9994636202432
16.9980542935851
16.9970582775665
16.9954376326939
16.9897236889263
16.9895563669147
16.9891379393593
16.9851541209523
16.9846497709226
16.984313396198
16.980225823873
16.9789159553064
16.9753579863702
16.9741266944197
16.9736592557626
16.9728513467147
16.9716169625794
16.9709778896394
16.9700398432653
16.9680756255451
16.9672631909762
16.9667497341167
16.9652935063452
16.9651649137905
16.9644788074171
16.9630192664841
16.9621597168351
16.9612133580946
16.9579372106691
16.9576781097478
16.9573325373902
16.9551700003249
16.9537401597468
16.952742393792
16.9517870765106
16.9510917266347
16.9491770176076
16.9486977669721
16.9442428329795
16.9407787528673
16.9405591029883
16.9400317463512
16.9395480916712
16.9362000709227
16.9356262588083
16.9319549066805
16.929425787196
16.9263110743459
16.9206800262166
16.9191550887127
16.9186612282855
16.9183019038117
16.9181671238398
16.9176278222223
16.9174929513609
16.9169532859404
16.9167283393642
16.9166833439763
16.9162332787092
16.9158730805964
16.9149269427952
16.9148818662778
16.9114953234074
16.9104997581156
16.9102733549812
16.9100469005768
16.9077795315663
16.906825701412
16.9052794734447
16.904960835392
16.9049153073809
16.9015861514159
16.8976039971663
16.8959974973831
16.8953541741369
16.8944804300883
16.8915316627471
16.8894068524876
16.8869994439175
16.8869067354393
16.8867212926942
16.885329374871
16.8829586590599
16.8817012951668
16.8815148845036
16.8812352033383
16.8728081871764
16.8726201111932
16.8722908930832
16.871914511051
16.8704546911501
16.8702661719677
16.8692286807169
16.8684262450457
16.8682373430381
16.8673868421363
16.866535617267
16.8657783641663
16.8651626735077
16.8649257684345
16.8621260418328
16.8618408842814
16.8610324960208
16.8588894849856
16.8587464541622
16.8578401168951
16.8543023209787
16.8527685783468
16.8506077650405
16.8488275918455
16.8484904455449
16.8478640149739
16.845451002848
16.8449193578777
16.8421114551807
16.8414325026813
16.8392956459603
16.8378360757878
16.8358378783736
16.8338356801709
16.8333956361594
16.8329553984239
16.8268208614816
16.8264762121589
16.8200538997968
16.8162801230355
16.8157825115603
16.8153344494215
16.813939193066
16.813540190567
16.8129913020524
16.8119425866325
16.8104925501276
16.8088900659347
16.8087397013002
16.8078370383834
16.807385401191
16.8044196061701
16.8042182165813
16.8023534376724
16.8010409690337
16.7973974246962
16.7963322187825
16.7956214506153
16.7950118184079
16.7937405563821
16.7936387855699
16.7862839334771
16.7854633785308
16.7848988561787
16.7833062128252
16.7818655128076
16.7810413227851
16.7802164529131
16.7777894552591
16.7772205829038
16.7750973848819
16.7749418517919
16.7743713567424
16.7722940813797
16.7710456417669
16.7703687523083
16.7695871562494
16.7694307637038
16.767395431738
16.7666637881203
16.7662977654751
16.7661931629645
16.7659316088083
16.7657223162165
16.7620525873275
16.7616848726699
16.7611593313503
16.760317890333
16.7600021673247
16.753984412678
16.7519704200532
16.7492078405987
16.7474506984305
16.7470775740425
16.7464909542886
16.744247962694
16.7411958332062
16.7388334160001
16.7387796597846
16.73759629135
16.7329569131197
16.7329569131197
16.7328487640903
16.7321996241778
16.7316042088581
16.7296530944783
16.7291104419796
16.7280785902575
16.7280785902575
16.7277525210192
16.7269912790707
16.7249766313609
16.7237222339888
16.7212087088143
16.7212087088143
16.7205519662338
16.7193468168137
16.7179206742869
16.7168772054825
16.7168222558988
16.7145667192528
16.7133543306991
16.711864387538
16.7039359785298
16.7027106246948
16.7011489087212
16.700422996413
16.7003671351723
16.700311270811
16.699808351072
16.6875486091719
16.6874920240821
16.6864729445623
16.6856796085429
16.6852827043901
16.6851692742629
16.6839206929429
16.6836935105713
16.6836367069131
16.6831821614508
16.6824999556255
16.6802795669995
16.6800515558259
16.6792531070553
16.6777114388937
16.6758239444105
16.6744489800003
16.6743343142508
16.6742769764451
16.6739902380919
16.6736460435038
16.6719232912689
16.6715783843903
16.670427834876
16.668353503968
16.668353503968
16.6666216019071
16.664944573901
16.6647130388224
16.6639601793688
16.6637863620504
16.6632647287468
16.6622206451252
16.6578585246189
16.6565169863151
16.6564586177174
16.6564586177174
16.6561667236145
16.6559331469711
16.6542380827081
16.6515434527606
16.6514261300644
16.6514261300644
16.6510153921974
16.6509567015849
16.6450111358733
16.6418769858845
16.6405731274648
16.6387923945196
16.6376034751071
16.6367703896677
16.6358770272903
16.6309791558338
16.6303802099606
16.6293611779527
16.6267789816523
16.6265985793547
16.6261775140532
16.6252746338041
16.6241298139882
16.6239489330978
16.6233457603911
16.6218966597873
16.6202033841046
16.6188103309736
16.6155320376053
16.6146194900135
16.613218630997
16.6125479606064
16.6122429616715
16.6107165700695
16.6099219247145
16.6088206030173
16.6087593829004
16.6086369314216
16.6082694869934
16.6082082331268
16.6062461256851
16.6059391983324
16.6020638205544
16.5984208292759
16.5932733714778
16.5925891854769
16.5920290485399
16.5916554495318
16.5886616220602
16.5878492489488
16.5875366219416
16.5867859181215
16.5852828176945
16.5847812817301
16.583777454555
16.5830239223373
16.581389318679
16.5803820790597
16.5803190928851
16.5784276605073
16.5779858110446
16.5770383328446
16.5755837871336
16.5751406790397
16.5750140406554
16.5746340292505
16.5734297062196
16.5703171104083
16.5694260149384
16.5647666798776
16.5639986798399
16.560342603159
16.5598926883139
16.5564150959374
16.5537666011236
16.5517594134252
16.5499430003406
16.5474074855408
16.5456483555305
16.5446697222767
16.5445391654517
16.5425787649022
16.542447934785
16.5402211999596
16.5398277315304
16.5378580637673
16.5374636642355
16.5337090901183
16.5324544262366
16.5319917845443
16.5313966448343
16.5308673342489
16.5298741211231
16.5296090976007
16.5285483005775
16.5248932043003
16.5227604388957
16.5207568317338
16.5185482172429
16.5170730929309
16.5136450942791
16.5130389316069
16.511690586496
16.5112182358681
16.5110832375554
16.5106781332355
16.5085824758858
16.5072281044456
16.5060075998189
16.5059397503091
16.5053967884388
16.5036981299702
16.4998143653365
16.4989948051212
16.4987214690528
16.4985164179602
16.4965320866786
16.4950241009243
16.4946124371106
16.4939259539368
16.4936512286603
16.4924140300697
16.4915883798232
16.4911752989223
16.4904175404732
16.4875880986077
16.4867584525424
16.4862049725227
16.4821135691523
16.4819745837456
16.4787028534247
16.4783541662284
16.4779355810402
16.4740903635922
16.469526870574
16.469526870574
16.4673430790683
16.4669198583523
16.4669198583523
16.4665670375464
16.464376765713
16.4629611369376
16.4608339291582
16.4600528178101
16.4596975653995
16.4539962956806
16.4515633785592
16.450201224712
16.4496271306884
16.4486935243869
16.4461035948817
16.4454550630629
16.4444453990509
16.4442289097844
16.4437957905976
16.4437957905976
16.4409035253855
16.4394542497695
16.4393092066189
16.4390190571899
16.4389465066766
16.4377849820451
16.4365493820769
16.4362584306637
16.4353122535124
16.4315185669023
16.4312992606402
16.4312992606402
16.428443893909
16.4235194048863
16.4232983371281
16.4227085840701
16.4225610914445
16.42189710529
16.420420000147
16.4197545903409
16.4182002434087
16.4182002434087
16.4177557001695
16.4171626682767
16.417088514556
16.416198240738
16.4149356611949
16.4097199426427
16.4091968714558
16.4080750824588
16.4074762800457
16.4038759161205
16.4020708614788
16.400639545554
16.3991306806883
16.3982998335541
16.3956516271111
16.3951211432216
16.3948178831738
16.3947420537898
16.3927684688165
16.3923884862911
16.3908671106743
16.3902579117521
16.387741035924
16.384145423283
16.383608798639
16.3820739967109
16.3819971947447
16.3817667534486
16.3809982320459
16.3806137497466
16.3792283881766
16.3773010854176
16.377223915992
16.3752927423974
16.3745192275073
16.3744418431003
16.3734353004889
16.3711086358748
16.3696322767737
16.3682316073361
16.3678421840671
16.3673746758772
16.3661269177803
16.3653462776158
16.3651900764283
16.3651119666841
16.3649557288898
16.3649557288898
16.364174173555
16.3633137565908
16.3604141816586
16.3601002099135
16.3600217015719
16.3586074964336
16.3579783182768
16.3564824316852
16.353878982619
16.3511895331257
16.3484134060205
16.3481750932736
16.3466644589176
16.346505311945
16.3459480980003
16.3449921511418
16.3439555097668
16.3421987417672
16.3412392022725
16.3324809605986
16.3310272371961
16.330865581845
16.3301378092014
16.3279513079456
16.3255975062826
16.3255162418073
16.3248658881546
16.3238081605429
16.3236453338715
16.3220971567442
16.3211997469348
16.317192381114
16.317192381114
16.3171104306939
16.3170284735575
16.3166185870903
16.3130043232578
16.3125927836824
16.3116868000105
16.3110273868643
16.3101199832137
16.3078065061841
16.3073928214887
16.3057363692299
16.3044092290218
16.3024152104149
16.2976634195557
16.2970783064868
16.292972900863
16.2914605497094
16.2909559239628
16.2861492359546
16.2852189639944
16.2847958268493
16.2840337285018
16.2840337285018
16.2827622725136
16.2816590348237
16.2798743065209
16.2774044334432
16.2768926627053
16.276380629924
16.2739876709153
16.2736453516993
16.271417415902
16.2713316268572
16.2695283547185
16.2674634826091
16.2666018592575
16.2654806378714
16.2647900301091
16.2634938536477
16.262022819765
16.2614164704025
16.2612431601768
16.26089644959
16.2606363377404
16.256204053076
16.2540241681826
16.2486852206619
16.2483341278821
16.2471922242927
16.2451687335218
16.2448164037375
16.2436704738664
16.2422582935787
16.2385418040342
16.2381871312161
16.2336539915926
16.2323167950483
16.2315136179939
16.230977808015
16.2308884784334
16.2307991408714
16.2294581188118
16.2292791799189
16.228831692553
16.2275776615753
16.2263220560292
16.2258732431318
16.2242558467867
16.2232661485639
16.2228159617287
16.2228159617287
16.2224556662826
16.2216445265869
16.221013184965
16.2168544229816
16.216582597673
16.2160387252883
16.2159480511258
16.2157666781318
16.212769264561
16.2121322928847
16.2095803410805
16.2086673491427
16.2077535228889
16.2067473485529
16.2050070229476
16.2014252585453
16.201241232045
16.1979229508179
16.1976459297163
16.1969992485538
16.1945009821607
16.1916248842464
16.1892062784163
16.1891131381936
16.1889268317189
16.1872485096466
16.1866884424239
16.1866884424239
16.1864082911404
16.1852869004986
16.1838833914963
16.1838833914963
16.1835087895066
16.1835087895066
16.1807887202967
16.1807887202967
16.1780612321258
16.1761758620348
16.1758927496845
16.1737195547063
16.1736249607508
16.1729625523992
16.1723944243657
16.1718259733793
16.1705932199161
16.1677425908477
16.1654562223182
16.1642155865719
16.1614424554617
16.1597173256491
16.1592375942895
16.1562581120527
16.154909624081
16.1535593152339
16.1496912125481
16.1492066459834
16.1487218445001
16.1469746105087
16.1466831078102
16.1450296521984
16.1441531852776
16.1431784313258
16.1429833664661
16.1425931225587
16.1425931225587
16.1423003396551
16.1408351379278
16.1361320134444
16.1360337960893
16.134067420468
16.1337721303433
16.1336736809216
16.1291344980735
16.1290355909967
16.1283429674099
16.1260638206075
16.1233816553876
16.1221872688616
16.1220876722279
16.1216891864685
16.1198940328997
16.117695570937
16.1158932274031
16.1157930018956
16.1107688755719
16.1045036974389
16.0968720145067
16.094212710495
16.0925726937272
16.0921622689318
16.0882548089473
16.0840216706246
16.0835042061887
16.0834006811614
16.0830900417595
16.0803937837743
16.0790429236946
16.078730927436
16.0771694843457
16.0756055993374
16.0745616489346
16.0723657992522
16.0717375269802
16.0717375269802
16.0714232427599
16.071108859734
16.0689054067676
16.0665918080912
16.0664865172251
16.0652221613513
16.0594066546096
16.0583456465525
16.058239483805
16.0562202472402
16.0538770786317
16.0528101842597
16.0524898938603
16.0524898938603
16.0519558484538
16.0516352842581
16.0490670645479
16.0487455728235
16.0434798575775
16.0425096640017
16.0416464787949
16.0415385282362
16.03818626773
16.0380779429723
16.0371024917488
16.0366686522626
16.0339528828459
16.0316659229599
16.0310115440512
16.0305750534288
16.0292644372517
16.0284991171466
16.0270762525712
16.0246637061658
16.0235651671121
16.0226854661537
16.0225754491009
16.0202622906096
16.0193796780192
16.0189380794251
16.01672715657
16.0152874309766
16.0150657506388
16.0140675805343
16.0114009122874
16.0092847451001
16.008727113903
16.0078342567008
16.0006625540662
15.9930991607836
15.9928725062042
15.9898076306568
15.9882147301038
15.9849070567146
15.9843356607788
15.9839926664348
15.9839926664348
15.9838783088385
15.9815884063037
15.9781436905309
15.9743407473132
15.9741098004299
15.9727229979426
15.9720288748235
15.9700595721309
15.9675052923258
15.9673890335336
15.9669238631566
15.9652940607004
15.9652940607004
15.963894969881
15.961909567769
15.9615587931381
15.9529851308947
15.9514505735494
15.9510961102622
15.9488482536516
15.9470700539062
15.9460016143198
15.945288686533
15.9446941915389
15.9446941915389
15.9440993429104
15.9440993429104
15.9420742067128
15.9419549532394
15.9415971074672
15.9412391335954
15.9406422255612
15.9399254652868
15.9396864309843
15.9378918501354
15.936813553739
15.9322478843878
15.9310429197885
15.9300779016195
15.9287494792274
15.9285077581723
15.9226888546157
15.9222024141343
15.9207416713304
15.9195227535783
15.9176915866136
15.9174471774715
15.9165912747476
15.9163465964983
15.9149997949479
15.9142644106765
15.9119321196788
15.9102101020331
15.9094711857433
15.9082384439698
15.9079917131519
15.905768392078
15.9040357183772
15.9037879483065
15.9023000373067
15.9021759447334
15.9020518367593
15.9008099091283
15.9006856314919
15.9006856314919
15.9001883664394
15.8996908539913
15.8923236482904
15.8865418322841
15.8840175345913
15.8840175345913
15.8814868486905
15.8776787709737
15.875896693109
15.8756418511096
15.8746218331709
15.874366666035
15.8737284631925
15.8688647648808
15.8644928921594
15.8620414361869
15.8610074435912
15.8598429225305
15.8597134475514
15.859454447291
15.859324922001
15.8590658210797
15.8584177749161
15.8564711128258
15.8546508028706
15.8530878955454
15.852696786747
15.850346916214
15.8502162058027
15.8499547337134
15.8489081611427
15.8426056192719
15.8406279009135
15.8404959138481
15.8397036254136
15.8397036254136
15.8389107087605
15.8365281795064
15.8357327399841
15.8340071140167
15.8318791706682
15.8312132586771
15.8310800230497
15.8297466895188
15.8260038700178
15.8254680361135
15.8247978397209
15.8239930107036
15.8225158063794
15.8214401037074
15.8194200370317
15.817666005684
15.8169905581744
15.8155029657708
15.8140131571388
15.8119780163509
15.810210871189
15.8074860738628
15.8059842645834
15.8009161077175
15.7988541095988
15.7983035245883
15.797890386801
15.7951317643619
15.7941644458314
15.7938878971571
15.7938878971571
15.7904245702902
15.7893137676211
15.7877843964506
15.7854162125758
15.7844394455966
15.7812233343158
15.7767314682567
15.7734904311069
15.7720780014936
15.7705220212659
15.7705220212659
15.7654127282891
15.7652704301743
15.7635612715187
15.7614207070196
15.7611349519098
15.7611349519098
15.7592755506732
15.7582729007289
15.7519474052271
15.7476115117454
15.7473217826401
15.7471768866027
15.7442745481846
15.7420922529998
15.7419465971842
15.7384444777431
15.7380058491814
15.7375670281402
15.7358098157976
15.7337558244651
15.7319918963288
15.731844761774
15.7306669053363
15.7300774564539
15.7260895625343
15.724756722648
15.7246085196096
15.7246085196096
15.7208962872672
15.7197054565221
15.718960466545
15.7183640746979
15.7150775464932
15.71417934284
15.7135800918857
15.7126805416002
15.7117801813953
15.7110292614832
15.7110292614832
15.7108790098114
15.7098266155174
15.707115362162
15.7050015156857
15.7046991725239
15.7045479666568
15.6977199301144
15.6922237330725
15.6809850650146
15.6797457155144
15.6788151943554
15.6747729002939
15.6716522861216
15.6680514994522
15.6672670010986
15.6671100275483
15.6641228387851
15.6627047340804
15.6627047340804
15.6622315852663
15.6606528037574
15.6601786828477
15.6601786828477
15.6579631415078
15.6574877433529
15.6573292270651
15.6520840429821
15.6519246677328
15.6503295166528
15.6484119705235
15.6472917015418
15.6455287393094
15.6447263642363
15.643119680086
15.6419934632507
15.641510410347
15.6410271239905
15.6353714573032
15.6347230539736
15.6318000249356
15.6318000249356
15.6311493009823
15.6296836220292
15.6296836220292
15.6234714065303
15.6218301785237
15.6216659074761
15.6210085533028
15.6196925471909
15.6180451003603
15.6180451003603
15.6167251859631
15.6158993538904
15.6150728392554
15.6145766023748
15.6140801191209
15.613914569911
15.613914569911
15.6132520988699
15.6130864125138
15.611428037341
15.6102655361721
15.6099331446118
15.6097669073909
15.6076033049825
15.603596621826
15.603596621826
15.5989017775218
15.59873369617
15.5975563350047
15.5957033908209
15.5951974459581
15.5948600071156
15.5923255798065
15.5911406452624
15.5896150919536
15.5889363205038
15.5887665556278
15.5874073980961
15.5865569855948
15.5797275241859
15.5771544032877
15.5740578929862
15.5730235884637
15.5726785824227
15.5706060428207
15.5702602015584
15.5648843106959
15.5645364846054
15.5605277646402
15.5601784196585
15.5600037013912
15.5600037013912
15.5547479079332
15.5538692504652
15.5526378315393
15.5522857188596
15.5487577561247
15.5425537124726
15.5423758872743
15.5366687200088
15.5364898451313
15.5346993343575
15.5302089810559
15.5296687811688
15.529128289308
15.527143982713
15.5244317488833
15.5218936764549
15.5184388134857
15.5116764739082
15.5111261666394
15.5091057784051
15.5063441086024
15.5046834384172
15.5032049683641
15.5030200058185
15.5019095115345
15.4993135523537
15.4976411557918
15.491859175681
15.489799442718
15.4860435697582
15.4860435697582
15.4858554053019
15.4849140515658
15.4849140515658
15.4811397500481
15.4788683123878
15.4782996458954
15.4771613418453
15.4748808391466
15.4735481402344
15.4703041721192
15.4681995123927
15.4680079598588
15.4658984567273
15.465514432145
15.4635920939906
15.4632071825155
15.4632071825155
15.4628221228265
15.4624369148094
15.4620515583499
15.4612803996458
15.4581898041782
15.4578028072693
15.4548955467663
15.4533415448996
15.4517851243519
15.4504212663714
15.4474924348333
15.4474924348333
15.4457310095809
15.4396400191414
15.4343045653224
15.4319240841348
15.4313280773624
15.4283427034664
15.4265471917621
15.4259479707315
15.4247484503957
15.4221445430656
15.4201369134012
15.4185279025955
15.4179238554614
15.4155040115704
15.414696093934
15.4136852781197
15.4124709488873
15.4118632308497
15.4096317662865
15.4092255099331
15.4088190884685
15.4082091463941
15.4053578206334
15.4051538430702
15.4035205229848
15.4018845307998
15.401679843459
15.401679843459
15.396343213388
15.3957256117215
15.3932513836551
15.3928384164801
15.3907710185968
15.3895285251671
15.3886993377233
15.3874542659708
15.3866233560767
15.3828756939765
15.3826670781418
15.3780664844982
15.3778568628645
15.3732340347117
15.3726019900262
15.3715476936713
15.3711256637009
15.3709145819059
15.3675311995284
15.3668955389498
15.3651984659926
15.3641363310016
15.362860278085
15.3615825947766
15.3611563373106
15.3596630036997
15.3534524686933
15.3523777775635
15.3515171923125
15.3480674260624
15.3465544029704
15.3456887894127
15.3450390871701
15.3448224259191
15.3428703593628
15.3417842291376
15.3406969179508
15.3376461419956
15.3369911916392
15.3361172566918
15.3328331814906
15.3310772547883
15.3273356415314
15.3264532236493
15.3251281351162
15.3226942363596
15.3184762258879
15.3178085948405
15.3140169096911
15.3128989665898
15.3120037113822
15.3115557830433
15.3097620605893
15.3088639913776
15.3081899097882
15.3081899097882
15.3070654297417
15.3057143824747
15.3036843829053
15.3005183920202
15.3005183920202
15.2996119790871
15.2989316298149
15.2975695410685
15.2968878003309
15.2946119686704
15.2943841003773
15.29347210761
15.2930157991376
15.2914170777739
15.2914170777739
15.2898157964069
15.2847664397985
15.282923970369
15.280385019207
15.2780712745376
15.2776078824997
15.2773761059312
15.27714427563
15.2743581117659
15.2738929954784
15.2736603561846
15.2731949151708
15.271564163499
15.270631110014
15.270631110014
15.2664215621701
15.2621942190969
15.2588938860683
15.2586577306769
15.2567664771581
15.2562931043682
15.2508331501515
15.249165490444
15.2460610103387
15.2458218045009
15.2455825414301
15.2431867568629
15.2417465261771
15.2410256322374
15.2357231372876
15.2354814454436
15.2274726658327
15.2233217625464
15.2218526143879
15.2213624182997
15.2196448372125
15.2179243009641
15.216447195821
15.216447195821
15.2159543421886
15.2122501769457
15.2107646604556
15.2070411858794
15.2070411858794
15.1965410894091
15.1945285101134
15.1871987666948
15.1871987666948
15.1856755371543
15.1841499838454
15.1805812826325
15.180325887407
15.1757175843208
15.1664367752464
15.1604619555498
15.1599407149855
15.1568075531534
15.1562844037824
15.1562844037824
15.153402179856
15.1505116246966
15.1457635282005
15.1447053270436
15.1447053270436
15.1447053270436
15.1444406016946
15.1441758062475
15.1441758062475
15.1428507762405
15.1388651193103
15.1383324961286
15.137533029064
15.1364660777758
15.1361991619862
15.1343287539593
15.1321868522033
15.1292342262493
15.1289653729072
15.1243837721156
15.1165193248018
15.1148844470535
15.103916418265
15.1011555109342
15.1011555109342
15.1003257501343
15.0992183303091
15.0978323287012
15.0975548977104
15.087235464341
15.0866746118305
15.0849901644923
15.0844280509306
15.0844280509306
15.0810487179484
15.0785067027397
15.0739715475743
15.0705566324742
15.0697010784508
15.064839064011
15.0622554541341
15.0605293317262
15.0599532948439
15.0590886168826
15.0567791470339
15.0564900879193
15.0504004649249
15.0504004649249
15.0463200162438
15.0442735310974
15.0442735310974
15.0369302758939
15.0363404793566
15.0354551317999
15.03368208169
15.0333862674592
15.0304233023285
15.0280465929507
15.0259623283879
15.0241723517763
15.0241723517763
15.0226782531867
15.0214813649529
15.0211819189258
15.0184828619566
15.0181825165572
15.0175815550006
15.0127608165294
15.0124587473532
15.0048772099008
15.0042681964837
15.0030490558268
14.999688734962
14.9895394859171
14.9883022448066
14.977723428042
14.9764714716969
14.9730204878799
14.9708181903089
14.9654494737977
14.9600517785208
14.9578207018981
14.9578207018981
14.9552647899636
14.9536640212529
14.9520606859728
14.9517397102037
14.9510974494237
14.9472351980826
14.9449753101152
14.9446520516672
14.9414137068683
14.9388154592228
14.9388154592228
14.9384902030807
14.9362104430964
14.9349053858149
14.9342522179276
14.9332716654711
14.9280257518014
14.9270390718989
14.9244031560399
14.9240731774856
14.9207673893511
14.9207673893511
14.9177828074639
14.9144561244225
14.9131223462988
14.9111183376121
14.9091103048088
14.9074338584816
14.9044091544447
14.9040725107789
14.9010376070837
14.8993475610502
14.8986707420735
14.8952797588309
14.8905129809933
14.8877788712928
14.8870941742445
14.8791862767515
14.8771130209985
14.8712153456211
14.8712153456211
14.8701709591032
14.8659824713045
14.865632637472
14.865632637472
14.858257713791
14.8579051666342
14.8479830441278
14.842984818799
14.8386806514655
14.8350796392919
14.8339968021531
14.8285649582707
14.8282017841247
14.8278384780354
14.8249272678279
14.8249272678279
14.8245627699197
14.8245627699197
14.8205444996728
14.8131969280424
14.8095027975023
14.8083918920001
14.8024461294078
14.8024461294078
14.8005808052333
14.8002073225025
14.7994599383122
14.799086036644
14.7960897797208
14.7957146155821
14.7949638647961
14.7949638647961
14.7919552126582
14.7855316122594
14.7851524653354
14.7836344384784
14.7824944041539
14.7805914540079
14.7794479433058
14.7752438476813
14.7752438476813
14.7748607792989
14.7717909380546
14.7698674906449
14.7698674906449
14.7652360659247
14.7570790970227
14.7539540944796
14.7535627816199
14.7496412079668
14.7488550444043
14.7488550444043
14.7468869272565
14.7464928385814
14.7401662061701
14.737783361516
14.7369878165257
14.7365898065702
14.7302000084715
14.7281947942443
14.7233658110173
14.7217509539849
14.7095556808911
14.7087373502399
14.7075085972694
14.7058679078119
14.7021664847087
14.7013420823537
14.6992780981329
14.6976238380368
14.6938917167652
14.6901456145696
14.6884761651001
14.6863854263079
14.6859667534946
14.6805079954509
14.6750192757394
14.6737483583898
14.6613788255419
14.6583700117525
14.6557838034145
14.6510249798111
14.6505912344129
14.6304327954501
14.6255514899957
14.6206462404723
14.6116654885985
14.6048765962648
14.593917582475
14.589776789809
14.5851557094969
14.5846924248002
14.5842289253713
14.5795820768609
14.5725710642679
14.5669266466482
14.5645653704625
14.5593508528397
14.558399830419
14.5574479026937
14.5574479026937
14.5521960405387
14.5521960405387
14.5517172279847
14.5435421403777
14.5430591652416
14.5425759567277
14.5352996694706
14.532862427221
14.532862427221
14.5260063768588
14.523546351018
14.5200921161499
14.5131476437971
14.5111546187228
14.510156614648
14.5076572381906
14.4940515861349
14.4915115796893
14.4884550312067
14.4843650459552
14.4599925665429
14.4589421462783
14.4589421462783
14.456311258152
14.4419836052562
14.4393076603894
14.4387716110601
14.4328560251079
14.4296145311838
14.4285316940449
14.4263624957974
14.4137974575003
14.408837403242
14.3977261778169
14.3949289731959
14.391561966648
14.3893109808917
14.3881835850563
14.3853595221797
14.384227660146
14.3791183671692
14.3774094519143
14.3774094519143
14.357253284365
14.3549236385822
14.3537567773063
14.3514189620977
14.3484889863714
14.3384623615281
14.335494119515
14.3337089360597
14.3271358619008
14.3271358619008
14.3120343970194
14.3114255689945
14.3059293719526
14.2973192326598
14.28551418721
14.2842634053084
14.2723022932378
14.271668780388
14.2582714508161
14.2569861035955
14.2524743331318
14.250534468314
14.2322452583307
14.2309259969256
14.2216421106156
14.2149575937469
14.2115985042598
14.202132578271
14.1918900851773
14.1870741143968
14.1850030056136
14.1850030056136
14.1829275984349
14.1766754071759
14.1738840585386
14.172485456912
14.1703838799564
14.1654629561422
14.1612256616667
14.1383184323914
14.1368691567754
14.1339642890828
14.1193120122959
14.1185737324544
14.1141325704544
14.1104164755054
14.0976774497279
14.0923844316995
14.0863007627458
14.0778748224318
14.0747931558944
14.0608069139196
14.0561010228822
14.0490004013326
14.0458283130265
14.042646130548
14.0402528306422
14.0370528279115
14.0322335414756
14.0233374051666
14.0159994187137
14.0077824456114
14.0069570225352
14.0003289949568
13.9767787055604
13.956141687704
13.9482916691981
13.9270519326972
13.9252614219234
13.915355892934
13.912637268695
13.9026052648152
13.875664480784
13.875664480784
13.8537692700814
13.8479777481018
13.8392270845816
13.8284267832308
13.8244702993357
13.8145100576307
13.8145100576307
13.8115025365667
13.7973465873366
13.7912178653952
13.7694666194629
13.7663203137735
13.7450880936677
13.7429398651294
13.7233952690565
13.7156902226821
13.7090383134538
13.7000997064529
13.6899473349889
13.6831213699185
13.6681699700656
13.6611931975799
13.6611931975799
13.6588567479189
13.6553418058115
13.6529916284665
13.635187003833
13.6231386653168
13.6133943738421
13.6010789472521
13.5985975564007
13.5948638868487
13.5923670066501
13.5886099577724
13.5823166707966
13.5810532467498
13.5670491986658
13.5476311128087
13.507625778195
13.4856166367032
13.4842248480304
13.4828311195818
13.4645336351402
13.4516671245469
13.4224679698547
13.3723435826721
13.3613802778748
13.3582257011263
13.356644673129
13.3518865356826
13.3326243028875
13.3063502135173
13.3046849341983
13.3013460329328
13.2979959460475
13.2725060358341
13.2374761845048
13.2267233927286
13.1635053207355
13.1557981534906
13.1342919482696
13.0794558763931
13.0668506674741
13.0147781667244
13.0147781667244
13.0103138735957
12.9408415007809
12.9312028719432
12.9214704350249
12.9017167062887
12.8942072842666
12.8239573415896
12.7993994908079
12.796633237315
12.7454857261481
12.7098736543592
12.7068479334427
12.7068479334427
12.7038130297475
12.618182296357
12.6081988523728
12.5741819670946
12.5602444592508
12.4252081754468
12.4252081754468
12.4049235042753
12.3414772825364
12.2690474446916
12.1226910365911
12.1117619660589
12.0610468734799
11.9511803959014
11.9381932003746
11.8493977015914
11.7675676833438
11.6172854802945
11.580584113444
11.4824662574855
11.2772031314492
11.2644641056717
10.9681982895286
9.85219425814858
9.7981270368783
9.47270463644367
8.98719682066197
8.98719682066197
7.60090245954208
6.90775527898214